<?xml version="1.0" encoding="utf-8"?>
<COLLADA xmlns="http://www.collada.org/2005/11/COLLADASchema" version="1.4.1">
  <asset>
    <contributor>
      <author>Blender User</author>
      <authoring_tool>Blender 2.77.0 commit date:2016-03-18, commit time:12:34, hash:22a2853</authoring_tool>
    </contributor>
    <created>2016-12-23T17:21:38</created>
    <modified>2016-12-23T17:21:38</modified>
    <unit name="inch" meter="0.0254"/>
    <up_axis>Z_UP</up_axis>
  </asset>
  <library_images/>
  <library_geometries>
    <geometry id="m_cape_long-mesh" name="m_cape_long">
      <mesh>
        <source id="m_cape_long-mesh-positions">
          <float_array id="m_cape_long-mesh-positions-array" count="90">-0.001650631 0.6930643 2.687175 0.1871092 0.656663 2.687174 0.1894582 0.7596409 1.784767 0.1810819 0.4951531 3.349594 0.17903 0.3797951 3.535639 -0.001650035 0.5170354 3.349594 -0.001649975 0.3920624 3.535639 -0.1904097 0.6566636 2.687175 -0.1927617 0.7596425 1.784768 -0.1843811 0.4951527 3.349594 -0.18233 0.3797947 3.535639 0.1409158 0.2334702 3.595487 -0.001650154 0.2334694 3.595487 -0.1442161 0.2334696 3.595487 0.3791047 0.6410384 0.8189159 0.188012 0.7925497 0.8189162 -0.001652956 0.8368631 0.8189164 -0.19132 0.7925524 0.8189167 -0.3824123 0.6410426 0.818917 -0.384563 0.6094668 1.784768 -0.3806689 0.5474619 2.687175 -0.3677592 0.429507 3.349595 -0.3630101 0.3429909 3.535639 -0.2877642 0.2334699 3.595487 0.2844638 0.2334699 3.595486 0.3597099 0.3429918 3.535638 0.3644588 0.4295068 3.349594 0.3773671 0.5474617 2.687174 0.381259 0.6094636 1.784767 -0.001651704 0.7871692 1.784768</float_array>
          <technique_common>
            <accessor source="#m_cape_long-mesh-positions-array" count="30" stride="3">
              <param name="X" type="float"/>
              <param name="Y" type="float"/>
              <param name="Z" type="float"/>
            </accessor>
          </technique_common>
        </source>
        <source id="m_cape_long-mesh-normals">
          <float_array id="m_cape_long-mesh-normals-array" count="90">0.4322743 0.9012631 0.02938997 0.3938771 0.9165441 0.06933897 0.6073235 0.7924199 0.05682593 0.6210932 0.783363 0.02420157 0.3454161 0.9244261 0.1616296 0.4796117 0.8669024 0.1358416 0 0.9993535 0.03595167 -0.001525878 0.9968312 0.07953161 0.001068174 0.9840981 0.1776229 0.2161362 0.9033347 0.3705018 0.2887141 0.8980351 0.3319296 0.09665238 0.6632608 0.7421209 0.1481685 0.7274447 0.669978 0 0.3785569 0.9255782 0.04709076 0.4070014 0.9122129 0.007538199 0.9164253 0.4001349 0.007965385 0.6350076 0.7724649 0.006500661 0.3589102 0.9333496 -0.388077 0.9193789 0.06433361 -0.4326967 0.9010393 0.03003054 -0.3343072 0.9296451 0.1549154 -0.6203362 0.7839199 0.02554464 -0.6159636 0.7867171 0.04080379 -0.5037536 0.8542386 0.1284868 -0.2027381 0.906996 0.3691281 -0.093939 0.6407873 0.7619496 -0.02673506 0.3824703 0.923581 -0.3352809 0.8870325 0.3174273 -0.1579952 0.6930488 0.7033641 0 0.4795234 0.8775292</float_array>
          <technique_common>
            <accessor source="#m_cape_long-mesh-normals-array" count="30" stride="3">
              <param name="X" type="float"/>
              <param name="Y" type="float"/>
              <param name="Z" type="float"/>
            </accessor>
          </technique_common>
        </source>
        <source id="m_cape_long-mesh-map-0">
          <float_array id="m_cape_long-mesh-map-0-array" count="240">0.628906 0 0.628906 0.289063 0.501953 0.304688 0.501953 0.304688 0.501953 0 0.628906 0 0.501953 0.304688 0.628906 0.289063 0.628906 0.574219 0.628906 0.574219 0.501953 0.595703 0.501953 0.304688 0.628906 0.289063 0.628906 0 0.75 0 0.75 0 0.75 0.292969 0.628906 0.289063 0.75 0.566406 0.628906 0.574219 0.628906 0.289063 0.628906 0.289063 0.75 0.292969 0.75 0.566406 0.501953 0.595703 0.628906 0.574219 0.628906 0.824219 0.628906 0.824219 0.501953 0.841797 0.501953 0.595703 0.501953 0.841797 0.628906 0.824219 0.628906 0.925781 0.628906 0.925781 0.501953 0.933594 0.501953 0.841797 0.628906 0.925781 0.625 1 0.501953 1 0.501953 1 0.501953 0.933594 0.628906 0.925781 0.628906 0.574219 0.75 0.566406 0.75 0.820313 0.75 0.820313 0.628906 0.824219 0.628906 0.574219 0.628906 0.824219 0.75 0.820313 0.75 0.921875 0.75 0.921875 0.628906 0.925781 0.628906 0.824219 0.628906 0.925781 0.75 0.921875 0.75 1 0.75 1 0.625 1 0.628906 0.925781 0.871094 0.289063 0.75 0.292969 0.75 0 0.75 0 0.871094 0 0.871094 0.289063 0.871094 0.574219 0.75 0.566406 0.75 0.292969 0.75 0.292969 0.871094 0.289063 0.871094 0.574219 1 0 1 0.304688 0.871094 0.289063 0.871094 0.289063 0.871094 0 1 0 0.871094 0.289063 1 0.304688 1 0.597656 1 0.597656 0.871094 0.574219 0.871094 0.289063 0.75 0.566406 0.871094 0.574219 0.8750001 0.824219 0.8750001 0.824219 0.75 0.820313 0.75 0.566406 0.75 0.820313 0.8750001 0.824219 0.8750001 0.925781 0.8750001 0.925781 0.75 0.921875 0.75 0.820313 0.75 0.921875 0.8750001 0.925781 0.8750001 1 0.8750001 1 0.75 1 0.75 0.921875 1 0.84375 0.8750001 0.824219 0.871094 0.574219 0.871094 0.574219 1 0.597656 1 0.84375 0.8750001 0.824219 1 0.84375 1 0.933594 1 0.933594 0.8750001 0.925781 0.8750001 0.824219 1 0.933594 1 1 0.8750001 1 0.8750001 1 0.8750001 0.925781 1 0.933594</float_array>
          <technique_common>
            <accessor source="#m_cape_long-mesh-map-0-array" count="120" stride="2">
              <param name="S" type="float"/>
              <param name="T" type="float"/>
            </accessor>
          </technique_common>
        </source>
        <vertices id="m_cape_long-mesh-vertices">
          <input semantic="POSITION" source="#m_cape_long-mesh-positions"/>
        </vertices>
        <polylist count="40">
          <input semantic="VERTEX" source="#m_cape_long-mesh-vertices" offset="0"/>
          <input semantic="NORMAL" source="#m_cape_long-mesh-normals" offset="1"/>
          <input semantic="TEXCOORD" source="#m_cape_long-mesh-map-0" offset="2" set="0"/>
          <vcount>3 3 3 3 3 3 3 3 3 3 3 3 3 3 3 3 3 3 3 3 3 3 3 3 3 3 3 3 3 3 3 3 3 3 3 3 3 3 3 3 </vcount>
          <p>15 0 0 2 1 1 28 2 2 28 2 3 14 3 4 15 0 5 28 2 6 2 1 7 1 4 8 1 4 9 27 5 10 28 2 11 2 1 12 15 0 13 16 6 14 16 6 15 29 7 16 2 1 17 0 8 18 1 4 19 2 1 20 2 1 21 29 7 22 0 8 23 27 5 24 1 4 25 3 9 26 3 9 27 26 10 28 27 5 29 26 10 30 3 9 31 4 11 32 4 11 33 25 12 34 26 10 35 4 11 36 11 13 37 24 14 38 24 14 39 25 12 40 4 11 41 1 4 42 0 8 43 5 15 44 5 15 45 3 9 46 1 4 47 3 9 48 5 15 49 6 16 50 6 16 51 4 11 52 3 9 53 4 11 54 6 16 55 12 17 56 12 17 57 11 13 58 4 11 59 8 18 60 29 7 61 16 6 62 16 6 63 17 19 64 8 18 65 7 20 66 0 8 67 29 7 68 29 7 69 8 18 70 7 20 71 18 21 72 19 22 73 8 18 74 8 18 75 17 19 76 18 21 77 8 18 78 19 22 79 20 23 80 20 23 81 7 20 82 8 18 83 0 8 84 7 20 85 9 24 86 9 24 87 5 15 88 0 8 89 5 15 90 9 24 91 10 25 92 10 25 93 6 16 94 5 15 95 6 16 96 10 25 97 13 26 98 13 26 99 12 17 100 6 16 101 21 27 102 9 24 103 7 20 104 7 20 105 20 23 106 21 27 107 9 24 108 21 27 109 22 28 110 22 28 111 10 25 112 9 24 113 22 28 114 23 29 115 13 26 116 13 26 117 10 25 118 22 28 119</p>
        </polylist>
      </mesh>
    </geometry>
  </library_geometries>
  <library_controllers>
    <controller id="Armature_m_cape_long-skin" name="Armature">
      <skin source="#m_cape_long-mesh">
        <bind_shape_matrix>1.33383 0 0 0 0 1 0 -0.08927194 0 0 1 0.006760637 0 0 0 1</bind_shape_matrix>
        <source id="Armature_m_cape_long-skin-joints">
          <Name_array id="Armature_m_cape_long-skin-joints-array" count="27">hip spine spine1 chest shoulder_L arm_L forearm_L hand_L finger_L fingertip_L neck head shoulder_R arm_R forearm_R hand_R finger_R fingertip_R cape1 cape2 cape3 thigh_L leg_L foot_L thigh_R leg_R foot_R</Name_array>
          <technique_common>
            <accessor source="#Armature_m_cape_long-skin-joints-array" count="27" stride="1">
              <param name="JOINT" type="name"/>
            </accessor>
          </technique_common>
        </source>
        <source id="Armature_m_cape_long-skin-bind_poses">
          <float_array id="Armature_m_cape_long-skin-bind_poses-array" count="432">1 4.42032e-7 0 -1.35543e-7 0 -0.1304006 0.9914613 -2.172789 4.45839e-7 -0.9914613 -0.1304008 0.3040181 0 0 0 1 1 2.14943e-7 0 -2.12759e-7 0 -0.395125 0.9186274 -2.194502 2.33983e-7 -0.9186273 -0.3951252 0.9092929 0 0 0 1 1 3.05619e-7 0 0 0 -0.04812419 0.9988415 -2.55182 3.05973e-7 -0.9988414 -0.04812431 0.01599925 0 0 0 1 1 3.3536e-7 0 3.11587e-7 0 0.2769021 0.9608981 -2.667034 3.49006e-7 -0.9608982 0.276902 -0.8927832 0 0 0 1 0.287643 9.39889e-7 0.9577378 -3.380859 0.9577381 0 -0.2876431 0.9444184 -2.7474e-7 1 -7.58097e-7 -0.06118291 0 0 0 1 0.9393751 0.003674328 0.3428719 -1.570538 0.3428751 -1.89675e-4 -0.939381 3.047089 -0.003386557 0.9999932 -0.001437842 -0.05483776 0 0 0 1 0.8784183 0.4009551 0.2600319 -1.320572 0.4107524 -0.3553413 -0.839652 2.14959 -0.2442626 0.8443741 -0.4768311 1.45937 0 0 0 1 0.9909687 0.02858322 0.1310137 -1.178849 0.1340512 -0.1859978 -0.9733628 2.116938 -0.003453552 0.9821344 -0.1881495 0.5958372 0 0 0 1 0.4344687 -0.04534167 -0.8995451 1.503286 -0.9006618 -0.01438194 -0.4342827 1.742836 0.006753921 0.9988681 -0.047086 0.2903405 0 0 0 1 -0.7041509 -0.06248223 -0.707296 2.034326 -0.7100499 0.06357753 0.7012757 -0.8618078 0.001150906 0.996019 -0.08913356 0.3817144 0 0 0 1 1 1.82243e-7 0 -3.53421e-7 0 -0.4520862 0.8919742 -3.168249 2.04315e-7 -0.8919743 -0.4520863 1.729792 0 0 0 1 1 2.35974e-7 0 -1.34853e-7 0 -0.1428489 0.9897444 -3.730644 2.38419e-7 -0.9897446 -0.1428492 0.5656132 0 0 0 1 0.287643 -9.04869e-7 -0.9577378 3.380859 -0.9577378 0 -0.2876431 0.9444181 2.51457e-7 1 -7.33882e-7 -0.06118303 0 0 0 1 0.938903 -0.03197401 -0.3426939 1.571461 -0.3428748 -1.89674e-4 -0.9393812 3.04709 0.02997082 0.9994886 -0.011141 -0.01036745 0 0 0 1 0.8784183 -0.4009551 -0.2600319 1.320572 -0.4107519 -0.3553413 -0.8396521 2.14959 0.2442627 0.8443741 -0.4768313 1.45937 0 0 0 1 0.9909687 -0.0285831 -0.1310137 1.178849 -0.1340508 -0.1859977 -0.9733629 2.116939 0.003453552 0.9821344 -0.1881494 0.595837 0 0 0 1 0.4344688 0.04534167 0.899545 -1.503286 0.9006615 -0.01438188 -0.4342829 1.742836 -0.006753921 0.998868 -0.04708594 0.2903404 0 0 0 1 -0.7041512 0.06248217 0.707296 -2.034326 0.7100494 0.06357753 0.7012757 -0.8618078 -0.001150846 0.996019 -0.08913356 0.3817144 0 0 0 1 1 2.35693e-7 0 -2.07572e-7 0 0.1507793 -0.9885675 3.314852 -2.38418e-7 0.9885672 0.1507796 -0.8706204 0 0 0 1 1 2.38226e-7 0 0 0 -0.04023587 -0.9991902 2.762926 -2.38418e-7 0.9991898 -0.04023569 -0.3508885 0 0 0 1 1 2.37876e-7 0 -1.37026e-7 0 0.06743198 -0.9977239 2.050828 -2.38418e-7 0.9977235 0.06743228 -0.5747291 0 0 0 1 0.9971118 0.0411008 0.06382858 -0.3717586 0.06153184 0.05492097 -0.9965931 2.291003 -0.0444715 0.9976409 0.05223268 -0.08886313 0 0 0 1 0.9962671 0.02831554 0.08152061 -0.3931117 0.07639628 0.1499676 -0.9857351 1.201837 -0.04014229 0.9882819 0.1472445 -0.2082996 0 0 0 1 0.9991911 0.03988754 0.004649221 -0.3867005 0.04007995 -0.9829922 -0.1792006 0.2113489 -0.002577781 0.179243 -0.9838014 0.09073275 0 0 0 1 0.9977532 -0.02369964 -0.06267827 0.3696251 -0.0613017 0.05491638 -0.9966074 2.291089 0.02705949 0.9982109 0.05334055 -0.09534257 0 0 0 1 0.9964933 -0.02186059 -0.08077591 0.3917655 -0.07661247 0.1499719 -0.9857177 1.201752 0.0336607 0.9884498 0.1477714 -0.2108536 0 0 0 1 0.9994336 -0.03345239 -0.003908455 0.385365 -0.03360819 -0.9831439 -0.1797244 0.2138954 0.002169549 0.1797536 -0.9837092 0.09046161 0 0 0 1</float_array>
          <technique_common>
            <accessor source="#Armature_m_cape_long-skin-bind_poses-array" count="27" stride="16">
              <param name="TRANSFORM" type="float4x4"/>
            </accessor>
          </technique_common>
        </source>
        <source id="Armature_m_cape_long-skin-weights">
          <float_array id="Armature_m_cape_long-skin-weights-array" count="83">0.5 0.5 0.03284454 0.4830389 0.4830389 0.00107783 0.5337608 0.4662392 0.5697131 0.1491966 0.2469425 0.03414773 0.4715166 0.4715166 0.03176736 0.02519935 1 0.7498667 0.06406551 0.06708312 0.1189846 0.03448063 0.4809084 0.4809084 0.00370264 0.5325984 0.4674015 0.564527 0.153048 0.2467585 0.03566646 0.4702671 0.4702671 0.03654688 0.02291893 0.4982961 0.4982961 0.003407657 1 0.4927626 0.4927626 0.01447463 0.9859508 0.01404923 1 1 1 0.9932836 0.00671631 0.6584637 0.3415364 0.134859 0.4289793 0.4289793 0.0071823 0.2442591 0.6856085 0.06646507 0.003667354 0.4130343 0.4130343 0.1739313 0.4509475 0.4509475 0.09810501 0.4644467 0.4644467 0.07110661 0.4128895 0.4128895 0.1742209 0.2466509 0.6792153 0.06670153 0.007432281 0.1343796 0.4302051 0.4302051 0.005210101 0.6626002 0.3373998 0.5097466 0.4902535</float_array>
          <technique_common>
            <accessor source="#Armature_m_cape_long-skin-weights-array" count="83" stride="1">
              <param name="WEIGHT" type="float"/>
            </accessor>
          </technique_common>
        </source>
        <joints>
          <input semantic="JOINT" source="#Armature_m_cape_long-skin-joints"/>
          <input semantic="INV_BIND_MATRIX" source="#Armature_m_cape_long-skin-bind_poses"/>
        </joints>
        <vertex_weights count="30">
          <input semantic="JOINT" source="#Armature_m_cape_long-skin-joints" offset="0"/>
          <input semantic="WEIGHT" source="#Armature_m_cape_long-skin-weights" offset="1"/>
          <vcount>2 4 2 4 4 1 4 4 2 4 4 3 1 3 2 1 1 1 2 2 4 4 3 3 3 3 4 4 2 2 </vcount>
          <v>18 0 19 1 5 2 18 3 19 4 20 5 19 6 20 7 4 8 5 9 18 10 19 11 3 12 4 13 5 14 18 15 18 16 3 17 4 18 12 19 18 20 13 21 18 22 19 23 20 24 19 25 20 26 12 27 13 28 18 29 19 30 3 31 12 32 13 33 18 34 3 35 4 36 5 37 3 38 3 39 12 40 13 41 20 42 21 43 20 44 20 45 20 46 20 47 24 48 19 49 20 50 13 51 18 52 19 53 20 54 12 55 13 56 18 57 19 58 3 59 12 60 13 61 3 62 12 63 13 64 3 65 4 66 5 67 3 68 4 69 5 70 4 71 5 72 18 73 19 74 5 75 18 76 19 77 20 78 19 79 20 80 19 81 20 82</v>
        </vertex_weights>
      </skin>
    </controller>
  </library_controllers>
  <library_visual_scenes>
    <visual_scene id="infantry" name="infantry">
      <node id="Armature" name="Armature" type="NODE">
        <matrix sid="transform">1 0 0 0 0 1 0 0 0 0 1 0 0 0 0 1</matrix>
        <node id="hip" name="hip" sid="hip" type="JOINT">
          <matrix sid="transform">1 1.88294e-13 4.45839e-7 0 4.42032e-7 -0.1304008 -0.9914613 0.01808885 5.81376e-8 0.9914613 -0.1304007 2.193881 0 0 0 1</matrix>
          <node id="spine" name="spine" sid="spine" type="JOINT">
            <matrix sid="transform">1 -1.21251e-7 -1.95052e-7 -1.15109e-8 6.36346e-8 0.962308 -0.2719616 0.1862912 2.20675e-7 0.2719616 0.9623081 0.02581859 0 0 0 1</matrix>
            <node id="spine1" name="spine1" sid="spine1" type="JOINT">
              <matrix sid="transform">1 8.20013e-8 8.683e-8 1.42109e-14 -1.07231e-7 0.9365781 0.350459 0.1898694 -5.2585e-8 -0.350459 0.936578 -5.96046e-8 0 0 0 1</matrix>
              <node id="chest" name="chest" sid="chest" type="JOINT">
                <matrix sid="transform">1 9.87754e-8 5.94154e-8 -2.66454e-15 -1.12668e-7 0.9464592 0.3228239 0.2606301 -2.43472e-8 -0.3228238 0.9464591 5.58794e-9 0 0 0 1</matrix>
                <node id="shoulder_L" name="shoulder_L" sid="shoulder_L" type="JOINT">
                  <matrix sid="transform">0.287643 0.9577374 4.47035e-8 0.06797589 0.9202884 -0.2763955 0.2769013 0.722307 0.2651988 -0.0796486 -0.9608984 0.02024782 0 0 0 1</matrix>
                  <node id="arm_L" name="arm_L" sid="arm_L" type="JOINT">
                    <matrix sid="transform">0.5985861 -0.8010551 -0.002350439 2.38419e-7 0.8010502 0.5985907 -0.00282981 0.3783833 0.003673784 -1.88935e-4 0.9999933 3.72529e-9 0 0 0 1</matrix>
                    <node id="forearm_L" name="forearm_L" sid="forearm_L" type="JOINT">
                      <matrix sid="transform">0.9157949 0.09665164 -0.3898437 0 0.0568424 0.929657 0.3640146 0.5925403 0.3976035 -0.3555225 0.8458812 3.72529e-9 0 0 0 1</matrix>
                      <node id="hand_L" name="hand_L" sid="hand_L" type="JOINT">
                        <matrix sid="transform">0.916013 -0.2099293 0.3418331 0 0.2868796 0.9384403 -0.1924313 0.6158148 -0.2803931 0.2743343 0.9198479 0 0 0 0 1</matrix>
                        <node id="finger_L" name="finger_L" sid="finger_L" type="JOINT">
                          <matrix sid="transform">0.3113957 -0.9498355 0.02907488 1.19209e-7 0.942258 0.304655 -0.1390501 0.2098624 0.1232169 0.07069563 0.9898586 0 0 0 0 1</matrix>
                          <node id="fingertip_L" name="fingertip_L" sid="fingertip_L" type="JOINT">
                            <matrix sid="transform">0.3331462 -0.9422058 0.03551856 -2.38419e-7 0.9422666 0.334048 0.02334796 0.1049314 -0.0338635 0.02568968 0.9990963 0 0 0 0 1</matrix>
                          </node>
                        </node>
                        <node id="shield" name="shield" sid="shield" type="JOINT">
                          <matrix sid="transform">0.0202771 -0.998822 0.0440871 0.09742856 -0.1121726 -0.04609057 -0.9926192 0.1460423 0.993482 0.01518211 -0.1129751 0.005743802 0 0 0 1</matrix>
                          <node id="prop-shield" name="prop-shield" sid="prop-shield" type="JOINT">
                            <matrix sid="transform">1 6.0536e-9 2.23517e-8 0 -6.98492e-9 1 -4.24683e-7 0 -3.72529e-8 5.36442e-7 1 0 0 0 0 1</matrix>
                          </node>
                        </node>
                        <node id="weapon_bow" name="weapon_bow" sid="weapon_bow" type="JOINT">
                          <matrix sid="transform">-0.9980893 0.006520353 0.06144655 -0.09042776 -0.01324704 -0.9938751 -0.1097154 0.1807212 0.06035312 -0.1103176 0.9920717 -0.1018821 0 0 0 1</matrix>
                          <node id="prop-weapon_bow" name="prop-weapon_bow" sid="prop-weapon_bow" type="JOINT">
                            <matrix sid="transform">1 -2.23517e-7 -1.10827e-7 0 1.19209e-7 1 0 0 1.08965e-7 0 1 2.98023e-8 0 0 0 1</matrix>
                          </node>
                        </node>
                        <node id="ammo" name="ammo" sid="ammo" type="JOINT">
                          <matrix sid="transform">-0.999833 -0.008526027 -0.01616219 -0.1194485 -0.01176438 0.9771324 0.2123059 0.2116531 0.01398248 0.2124606 -0.9770697 -0.19529 0 0 0 1</matrix>
                          <node id="prop-ammo" name="prop-ammo" sid="prop-ammo" type="JOINT">
                            <matrix sid="transform">0.9999999 -3.72529e-8 -2.27476e-7 1.19209e-7 3.72529e-8 1 6.89179e-8 0 2.27708e-7 -6.14673e-8 0.9999999 -5.96046e-8 0 0 0 1</matrix>
                          </node>
                        </node>
                        <node id="weapon_L" name="weapon_L" sid="weapon_L" type="JOINT">
                          <matrix sid="transform">0.9927634 0.09340188 -0.07552857 -0.06953168 0.1013617 -0.9888034 0.1095147 0.1578641 -0.06444593 -0.1163778 -0.9911166 0.003906548 0 0 0 1</matrix>
                          <node id="prop-weapon_L" name="prop-weapon_L" sid="prop-weapon_L" type="JOINT">
                            <matrix sid="transform">1 -1.00583e-7 -7.49715e-8 5.96046e-8 8.56817e-8 1 1.49012e-8 0 7.47386e-8 -2.98023e-8 1 0 0 0 0 1</matrix>
                          </node>
                        </node>
                      </node>
                      <node id="shield_arm" name="shield_arm" sid="shield_arm" type="JOINT">
                        <matrix sid="transform">0.3592965 -0.9224801 0.1411956 0.1864982 -0.9332232 -0.3551601 0.05436143 0.4254775 -1.49012e-7 -0.1512988 -0.988488 0.04829931 0 0 0 1</matrix>
                        <node id="prop-shield_arm" name="prop-shield_arm" sid="prop-shield_arm" type="JOINT">
                          <matrix sid="transform">1 -4.17233e-7 -1.19209e-7 2.38419e-7 1.93715e-7 1 8.56817e-8 -1.19209e-7 2.98023e-8 -2.64496e-7 1 1.19209e-7 0 0 0 1</matrix>
                        </node>
                      </node>
                    </node>
                    <node id="prop-armpad_L" name="prop-armpad_L" sid="prop-armpad_L" type="JOINT">
                      <matrix sid="transform">0.9996554 -0.02600282 -0.003581554 -8.03471e-5 -0.001142561 0.09320869 -0.9956458 0.0883615 0.02622344 0.995307 0.09314686 1.70432e-5 0 0 0 1</matrix>
                    </node>
                  </node>
                  <node id="prop-shoulderpad_L" name="prop-shoulderpad_L" sid="prop-shoulderpad_L" type="JOINT">
                    <matrix sid="transform">0.2692949 0.02582371 0.9627115 0.05685139 0.9630576 -0.00775635 -0.2691836 0.1974263 5.15809e-4 0.9996364 -0.02695845 -4.47035e-8 0 0 0 1</matrix>
                  </node>
                </node>
                <node id="neck" name="neck" sid="neck" type="JOINT">
                  <matrix sid="transform">1 -2.37812e-7 -5.11278e-8 5.68434e-14 1.39219e-7 0.7319126 -0.6813983 0.8305252 1.99466e-7 0.6813984 0.7319128 -1.19209e-7 0 0 0 1</matrix>
                  <node id="head" name="head" sid="head" type="JOINT">
                    <matrix sid="transform">1 6.53872e-8 4.48497e-8 0 -7.63016e-8 0.9474068 0.3200322 0.185174 -2.1565e-8 -0.3200322 0.9474066 0 0 0 0 1</matrix>
                    <node id="helmet" name="helmet" sid="helmet" type="JOINT">
                      <matrix sid="transform">1 2.38194e-7 2.66277e-7 9.4758e-10 -2.55695e-7 -0.04337303 0.999059 -0.1011524 2.49519e-7 -0.999059 -0.04337313 -0.003999293 0 0 0 1</matrix>
                      <node id="prop-helmet" name="prop-helmet" sid="prop-helmet" type="JOINT">
                        <matrix sid="transform">1 6.51923e-13 7.27115e-9 -1.13687e-13 -6.73239e-13 1 2.45124e-6 0 -7.27118e-9 -2.46614e-6 1 0 0 0 0 1</matrix>
                      </node>
                    </node>
                    <node id="prop-head" name="prop-head" sid="prop-head" type="JOINT">
                      <matrix sid="transform">1 2.38419e-7 2.67392e-7 0 -2.67392e-7 -1.07288e-6 1 2.38419e-7 2.38419e-7 -1 -1.08778e-6 -5.96046e-8 0 0 0 1</matrix>
                    </node>
                  </node>
                  <node id="neck_guard" name="neck_guard" sid="neck_guard" type="JOINT">
                    <matrix sid="transform">-1 1.12481e-6 1.38957e-5 -2.58277e-8 1.37327e-5 0.2512292 0.9679276 -0.1547813 -2.40228e-6 0.9679272 -0.2512291 0.1264117 0 0 0 1</matrix>
                    <node id="prop-neck_guard" name="prop-neck_guard" sid="prop-neck_guard" type="JOINT">
                      <matrix sid="transform">1 -1.5234e-11 -4.7411e-8 3.63798e-12 1.54614e-11 1 1.04308e-6 -5.96046e-8 4.7411e-8 -1.05798e-6 1 2.38419e-7 0 0 0 1</matrix>
                    </node>
                  </node>
                </node>
                <node id="shoulder_R" name="shoulder_R" sid="shoulder_R" type="JOINT">
                  <matrix sid="transform">0.2876431 -0.9577377 6.03497e-7 -0.06797591 -0.9202884 -0.2763956 0.2769013 0.722307 -0.2651986 -0.07964929 -0.9608984 0.02024776 0 0 0 1</matrix>
                  <node id="arm_R" name="arm_R" sid="arm_R" type="JOINT">
                    <matrix sid="transform">0.5982796 0.8010551 0.01929033 -2.38419e-7 -0.8006493 0.5985907 -0.02549951 0.3783832 -0.03197352 -1.88949e-4 0.9994887 0 0 0 0 1</matrix>
                    <node id="forearm_R" name="forearm_R" sid="forearm_R" type="JOINT">
                      <matrix sid="transform">0.9266809 -0.0865511 0.365748 -1.19209e-7 -0.05684251 0.9296571 0.3640147 0.59254 -0.371526 -0.3581154 0.8565755 -8.3819e-9 0 0 0 1</matrix>
                      <node id="hand_R" name="hand_R" sid="hand_R" type="JOINT">
                        <matrix sid="transform">0.9160129 0.2099293 -0.3418333 -1.19209e-7 -0.2868796 0.9384404 -0.1924313 0.6158147 0.2803931 0.2743346 0.9198479 -1.19209e-7 0 0 0 1</matrix>
                        <node id="finger_R" name="finger_R" sid="finger_R" type="JOINT">
                          <matrix sid="transform">0.3113959 0.9498356 -0.0290748 -1.19209e-7 -0.9422581 0.3046555 -0.1390501 0.2098622 -0.1232169 0.0706956 0.9898586 -5.96046e-8 0 0 0 1</matrix>
                          <node id="fingertip_R" name="fingertip_R" sid="fingertip_R" type="JOINT">
                            <matrix sid="transform">0.333146 0.9422061 -0.0355186 -1.19209e-7 -0.9422666 0.3340477 0.02334798 0.1049315 0.03386353 0.0256897 0.9990963 0 0 0 0 1</matrix>
                          </node>
                        </node>
                        <node id="weapon_R" name="weapon_R" sid="weapon_R" type="JOINT">
                          <matrix sid="transform">0.9927574 -0.0934019 0.07552805 0.06953168 -0.1013614 -0.9888034 0.1095153 0.1578641 0.06445824 -0.1163778 -0.9911085 0.003906488 0 0 0 1</matrix>
                          <node id="prop-weapon_R" name="prop-weapon_R" sid="prop-weapon_R" type="JOINT">
                            <matrix sid="transform">1 1.04308e-7 3.88827e-8 5.96046e-8 -9.31323e-8 1 1.49012e-8 0 -3.25963e-8 1.49012e-8 1 0 0 0 0 1</matrix>
                          </node>
                        </node>
                        <node id="projectile" name="projectile" sid="projectile" type="JOINT">
                          <matrix sid="transform">-0.9684273 -0.00652191 -0.249217 0.09186685 0.03377067 -0.9938752 -0.1052253 0.1697927 -0.2469989 -0.1103161 0.9627296 -0.02773529 0 0 0 1</matrix>
                          <node id="prop-projectile" name="prop-projectile" sid="prop-projectile" type="JOINT">
                            <matrix sid="transform">1 2.38419e-7 -1.94181e-7 0 -1.93715e-7 1 -2.23517e-8 0 1.76951e-7 2.6077e-8 1 -2.23517e-8 0 0 0 1</matrix>
                          </node>
                        </node>
                      </node>
                    </node>
                    <node id="prop-armpad_R" name="prop-armpad_R" sid="prop-armpad_R" type="JOINT">
                      <matrix sid="transform">0.9999973 -0.002176087 9.4384e-4 7.9751e-5 0.001142502 0.09320877 -0.9956459 0.08836126 0.002078647 0.9956442 0.09321091 1.93072e-5 0 0 0 1</matrix>
                    </node>
                  </node>
                  <node id="prop-shoulderpad_R" name="prop-shoulderpad_R" sid="prop-shoulderpad_R" type="JOINT">
                    <matrix sid="transform">0.2692948 -0.02582366 -0.9627113 -0.05685139 -0.9630576 -0.007756431 -0.2691836 0.1974263 -5.15899e-4 0.9996364 -0.02695834 -4.84288e-8 0 0 0 1</matrix>
                  </node>
                </node>
                <node id="cape" name="cape" sid="cape" type="JOINT">
                  <matrix sid="transform">1 3.3536e-7 -1.16824e-6 -1.65114e-8 1.0297e-6 0.276901 0.9608983 0.7821932 6.45733e-7 -0.9608983 0.2769012 0.04730982 0 0 0 1</matrix>
                </node>
                <node id="prop-back" name="prop-back" sid="prop-back" type="JOINT">
                  <matrix sid="transform">1 3.46391e-7 3.58802e-7 1.16331e-7 -3.98442e-7 0.1222006 0.9925054 0.38112 2.99949e-7 -0.9925056 0.1222006 -0.3333194 0 0 0 1</matrix>
                </node>
                <node id="prop-quiver_back" name="prop-quiver_back" sid="prop-quiver_back" type="JOINT">
                  <matrix sid="transform">1 3.35276e-7 -9.66405e-8 -0.1699775 2.30129e-11 0.2769021 0.9608979 0.6582773 3.48926e-7 -0.9608981 0.2769022 -0.2972237 0 0 0 1</matrix>
                </node>
                <node id="cape1" name="cape1" sid="cape1" type="JOINT">
                  <matrix sid="transform">1 1.46101e-7 7.85357e-8 1.0323e-7 9.98066e-8 -0.9081613 0.4186202 0.7078459 1.32484e-7 -0.4186202 -0.9081618 -0.2957832 0 0 0 1</matrix>
                  <node id="cape2" name="cape2" sid="cape2" type="JOINT">
                    <matrix sid="transform">1 -4.54028e-8 -4.36308e-9 0 4.54028e-8 0.9817001 0.1904332 0.6693079 -4.36294e-9 -0.1904332 0.9817003 0 0 0 0 1</matrix>
                    <node id="cape3" name="cape3" sid="cape3" type="JOINT">
                      <matrix sid="transform">1 2.56352e-8 -1.3822e-9 0 -2.56352e-8 0.9942027 -0.1075218 0.6621921 -1.38217e-9 0.1075218 0.9942027 5.96046e-8 0 0 0 1</matrix>
                    </node>
                  </node>
                </node>
              </node>
            </node>
          </node>
          <node id="thigh_L" name="thigh_L" sid="thigh_L" type="JOINT">
            <matrix sid="transform">0.9971161 0.06153154 -0.04446615 0.225766 0.0579242 -0.995245 -0.07830624 0.121896 -0.04907824 0.07550478 -0.9959405 0.02428883 0 0 0 1</matrix>
            <node id="leg_L" name="leg_L" sid="leg_L" type="JOINT">
              <matrix sid="transform">0.9997614 0.01942159 0.009996555 0 -0.01838593 0.9953136 -0.09493564 1.067796 -0.01179352 0.0947292 0.9954333 -7.45058e-9 0 0 0 1</matrix>
              <node id="foot_L" name="foot_L" sid="foot_L" type="JOINT">
                <matrix sid="transform">0.9969741 -0.002517409 -0.07769288 0 0.07773367 0.03228906 0.9964513 1.134662 1.58034e-7 -0.9994755 0.03238684 -1.49012e-8 0 0 0 1</matrix>
              </node>
            </node>
          </node>
          <node id="thigh_R" name="thigh_R" sid="thigh_R" type="JOINT">
            <matrix sid="transform">0.9977516 -0.06130191 0.0270617 -0.225766 -0.05905257 -0.9952587 -0.07728244 0.121896 0.03166917 0.07551062 -0.9966407 0.02428862 0 0 0 1</matrix>
            <node id="leg_R" name="leg_R" sid="leg_R" type="JOINT">
              <matrix sid="transform">0.9998337 -0.0182115 8.98936e-4 -2.98023e-8 0.01821447 0.9953057 -0.09505117 1.0678 8.36313e-4 0.09505172 0.995472 -7.45058e-9 0 0 0 1</matrix>
              <node id="foot_R" name="foot_R" sid="foot_R" type="JOINT">
                <matrix sid="transform">0.9969741 0.002517398 0.07769249 2.98023e-8 -0.07773328 0.03228852 0.9964513 1.134661 -1.17754e-7 -0.9994756 0.03238641 0 0 0 0 1</matrix>
              </node>
            </node>
          </node>
          <node id="prop-sheath_L" name="prop-sheath_L" sid="prop-sheath_L" type="JOINT">
            <matrix sid="transform">1 4.70888e-7 4.50546e-7 0.4458506 -4.50545e-7 -1.10269e-6 0.9999999 0.04214835 4.70888e-7 -0.9999998 -9.53674e-7 -0.005543351 0 0 0 1</matrix>
          </node>
          <node id="prop-sheath_R" name="prop-sheath_R" sid="prop-sheath_R" type="JOINT">
            <matrix sid="transform">1 4.70888e-7 4.50792e-7 -0.4458506 -4.50791e-7 -1.10269e-6 0.9999999 0.04214835 4.70888e-7 -0.9999998 -9.53674e-7 -0.005543739 0 0 0 1</matrix>
          </node>
        </node>
        <node id="knee_L" name="knee_L" sid="knee_L" type="JOINT">
          <matrix sid="transform">-1 0 0 0.6688504 0 -1 0 -2.524968 0 0 1 1.247289 0 0 0 1</matrix>
        </node>
        <node id="knee_R" name="knee_R" sid="knee_R" type="JOINT">
          <matrix sid="transform">-1 0 0 -0.6688504 0 -1 0 -2.524968 0 0 1 1.247289 0 0 0 1</matrix>
        </node>
        <node id="handIK_L" name="handIK_L" sid="handIK_L" type="JOINT">
          <matrix sid="transform">0.9909685 0.1340951 8.56817e-8 0.8864822 0.02504069 -0.1850526 0.9824096 -0.157751 0.1317364 -0.9735369 -0.1867392 2.327101 0 0 0 1</matrix>
        </node>
        <node id="handIK_R" name="handIK_R" sid="handIK_R" type="JOINT">
          <matrix sid="transform">0.9909685 -0.1340951 -8.56817e-8 -0.8864822 -0.02504069 -0.1850526 0.9824096 -0.157751 -0.1317364 -0.9735369 -0.1867392 2.327101 0 0 0 1</matrix>
        </node>
        <node id="footIK_L" name="footIK_L" sid="footIK_L" type="JOINT">
          <matrix sid="transform">1 0 1.90827e-7 0.3781533 -3.48033e-8 -0.983228 0.1823807 0.2069193 1.87627e-7 -0.1823807 -0.9832256 0.128936 0 0 0 1</matrix>
        </node>
        <node id="footIK_R" name="footIK_R" sid="footIK_R" type="JOINT">
          <matrix sid="transform">1 0 1.90827e-7 -0.3781533 -3.48033e-8 -0.983228 0.1823807 0.2069193 1.87627e-7 -0.1823807 -0.9832256 0.128936 0 0 0 1</matrix>
        </node>
        <node id="elbow_L" name="elbow_L" sid="elbow_L" type="JOINT">
          <matrix sid="transform">1 0 0 0.6339188 0 1 0 1.381869 0 0 1 2.844311 0 0 0 1</matrix>
        </node>
        <node id="elbow_R" name="elbow_R" sid="elbow_R" type="JOINT">
          <matrix sid="transform">1 0 0 -0.6339188 0 1 0 1.381869 0 0 1 2.844311 0 0 0 1</matrix>
        </node>
      </node>
      <node id="m_cape_long" name="m_cape_long" type="NODE">
        <translate sid="location">0 0 0</translate>
        <rotate sid="rotationZ">0 0 1 0</rotate>
        <rotate sid="rotationY">0 1 0 0</rotate>
        <rotate sid="rotationX">1 0 0 0</rotate>
        <scale sid="scale">1 1 1</scale>
        <instance_controller url="#Armature_m_cape_long-skin">
          <skeleton>#hip</skeleton>
          <skeleton>#knee_L</skeleton>
          <skeleton>#knee_R</skeleton>
          <skeleton>#handIK_L</skeleton>
          <skeleton>#handIK_R</skeleton>
          <skeleton>#footIK_L</skeleton>
          <skeleton>#footIK_R</skeleton>
          <skeleton>#elbow_L</skeleton>
          <skeleton>#elbow_R</skeleton>
        </instance_controller>
      </node>
    </visual_scene>
  </library_visual_scenes>
  <scene>
    <instance_visual_scene url="#infantry"/>
  </scene>
</COLLADA>