<?xml version="1.0" encoding="utf-8"?>
<COLLADA xmlns="http://www.collada.org/2005/11/COLLADASchema" version="1.4.1" xmlns:xsi="http://www.w3.org/2001/XMLSchema-instance">
  <asset>
    <contributor>
      <author>Blender User</author>
      <authoring_tool>Blender 2.80.75 commit date:2019-07-29, commit time:14:47, hash:f6cb5f54494e</authoring_tool>
    </contributor>
    <created>2019-10-05T10:38:38</created>
    <modified>2019-10-05T10:38:38</modified>
    <unit name="meter" meter="1"/>
    <up_axis>Z_UP</up_axis>
  </asset>
  <library_effects/>
  <library_images/>
  <library_controllers/>
  <library_visual_scenes>
    <visual_scene id="Armor_Bake" name="Armor Bake">
      <node id="Elephantidae_Asian_Quadraped" name="Elephantidae_Asian_Quadraped" type="NODE">
        <matrix sid="transform">1 0 0 0 0 1 0 0 0 0 1 0 0 0 0 1</matrix>
        <node id="Elephantidae_Asian_Quadraped_Elephantidae" name="Elephantidae" sid="Elephantidae" type="JOINT">
          <matrix sid="transform">1 -8.88734e-8 4.2197e-7 -1.02318e-12 4.2197e-7 0 -1 -1.812382 8.88734e-8 1 2.96035e-14 4.010656 0 0 0 1</matrix>
          <node id="Elephantidae_Asian_Quadraped_Elephantidae_Vertebrae_Dorsal" name="Elephantidae_Vertebrae_Dorsal" sid="Elephantidae_Vertebrae_Dorsal" type="JOINT">
            <matrix sid="transform">-1 5.05306e-7 -2.30708e-7 4.1665e-7 1.23914e-7 -0.2019379 -0.9793984 1.499999 -5.41485e-7 -0.9793983 0.2019379 -9.53674e-7 0 0 0 1</matrix>
            <node id="Elephantidae_Asian_Quadraped_Elephantidae_Vertebrae_Lumbar" name="Elephantidae_Vertebrae_Lumbar" sid="Elephantidae_Vertebrae_Lumbar" type="JOINT">
              <matrix sid="transform">1 6.76067e-7 1.04371e-7 0 -6.83925e-7 0.9848623 0.1733388 1.565725 1.43973e-8 -0.1733388 0.9848622 3.57628e-7 0 0 0 1</matrix>
              <node id="Elephantidae_Asian_Quadraped_Elephantidae_Pelvis" name="Elephantidae_Pelvis" sid="Elephantidae_Pelvis" type="JOINT">
                <matrix sid="transform">1 -7.26664e-7 2.84837e-8 5.68434e-14 7.27176e-7 0.9996091 -0.02795987 1.629043 -8.15518e-9 0.02795987 0.9996091 4.47035e-8 0 0 0 1</matrix>
                <node id="Elephantidae_Asian_Quadraped_Elephantidae_Tail_1" name="Elephantidae_Tail_1" sid="Elephantidae_Tail_1" type="JOINT">
                  <matrix sid="transform">1 -4.91341e-7 2.16527e-7 -5.68434e-14 4.09459e-7 0.4369627 -0.8994796 1.108405 3.47337e-7 0.8994797 0.4369627 -4.47035e-8 0 0 0 1</matrix>
                  <node id="Elephantidae_Asian_Quadraped_Elephantidae_Tail_2" name="Elephantidae_Tail_2" sid="Elephantidae_Tail_2" type="JOINT">
                    <matrix sid="transform">1 1.99558e-7 -3.5161e-7 -1.13687e-13 -3.07289e-7 0.9403325 -0.340257 0.5665315 2.6273e-7 0.340257 0.9403325 0 0 0 0 1</matrix>
                    <node id="Elephantidae_Asian_Quadraped_Elephantidae_Tail_3" name="Elephantidae_Tail_3" sid="Elephantidae_Tail_3" type="JOINT">
                      <matrix sid="transform">1 2.13163e-14 1.95399e-14 0 -2.4869e-14 0.9999999 -3.72529e-8 0.7916564 -1.08802e-14 4.09782e-8 1 0 0 0 0 1</matrix>
                      <node id="Elephantidae_Asian_Quadraped_Elephantidae_Tail_4" name="Elephantidae_Tail_4" sid="Elephantidae_Tail_4" type="JOINT">
                        <matrix sid="transform">1 4.83565e-8 -6.74741e-8 -5.68434e-14 -5.39583e-8 0.996325 -0.08565485 0.7916563 6.30842e-8 0.08565485 0.996325 0 0 0 0 1</matrix>
                        <node id="Elephantidae_Asian_Quadraped_Elephantidae_Tail_5" name="Elephantidae_Tail_5" sid="Elephantidae_Tail_5" type="JOINT">
                          <matrix sid="transform">1 1.1033e-9 -1.79204e-9 5.68434e-14 -1.11137e-9 0.9999899 -0.004508417 0.5223302 1.78703e-9 0.004508417 0.9999898 0 0 0 0 1</matrix>
                          <node id="Elephantidae_Asian_Quadraped_Elephantidae_Tail_6" name="Elephantidae_Tail_6" sid="Elephantidae_Tail_6" type="JOINT">
                            <matrix sid="transform">1 -1.07239e-8 1.30188e-8 -2.84217e-14 1.05374e-8 0.9998986 0.01424506 0.4667083 -1.31702e-8 -0.01424506 0.9998986 0 0 0 0 1</matrix>
                            <node id="Elephantidae_Asian_Quadraped_Elephantidae_Tail_7" name="Elephantidae_Tail_7" sid="Elephantidae_Tail_7" type="JOINT">
                              <matrix sid="transform">1 4.25114e-8 3.29398e-6 0 -3.98137e-8 0.9999996 -8.18955e-4 0.6284855 -3.29401e-6 8.18955e-4 0.9999996 0 0 0 0 1</matrix>
                              <extra>
                                <technique profile="blender">
                                  <connect sid="connect" type="bool">1</connect>
                                  <layer sid="layer" type="string">2</layer>
                                  <roll sid="roll" type="float">-3.141589</roll>
                                  <tip_x sid="tip_x" type="float">0</tip_x>
                                  <tip_y sid="tip_y" type="float">-0.02140522</tip_y>
                                  <tip_z sid="tip_z" type="float">-0.7406201</tip_z>
                                </technique>
                              </extra>
                            </node>
                            <extra>
                              <technique profile="blender">
                                <connect sid="connect" type="bool">1</connect>
                                <layer sid="layer" type="string">2</layer>
                                <roll sid="roll" type="float">-3.141592</roll>
                              </technique>
                            </extra>
                          </node>
                          <extra>
                            <technique profile="blender">
                              <connect sid="connect" type="bool">1</connect>
                              <layer sid="layer" type="string">2</layer>
                              <roll sid="roll" type="float">-3.141592</roll>
                            </technique>
                          </extra>
                        </node>
                        <extra>
                          <technique profile="blender">
                            <connect sid="connect" type="bool">1</connect>
                            <layer sid="layer" type="string">2</layer>
                            <roll sid="roll" type="float">-3.141592</roll>
                          </technique>
                        </extra>
                      </node>
                      <extra>
                        <technique profile="blender">
                          <connect sid="connect" type="bool">1</connect>
                          <layer sid="layer" type="string">2</layer>
                          <roll sid="roll" type="float">-3.141592</roll>
                        </technique>
                      </extra>
                    </node>
                    <extra>
                      <technique profile="blender">
                        <connect sid="connect" type="bool">1</connect>
                        <layer sid="layer" type="string">2</layer>
                        <roll sid="roll" type="float">-3.141592</roll>
                      </technique>
                    </extra>
                  </node>
                  <extra>
                    <technique profile="blender">
                      <connect sid="connect" type="bool">1</connect>
                      <layer sid="layer" type="string">2</layer>
                      <roll sid="roll" type="float">-3.141592</roll>
                    </technique>
                  </extra>
                </node>
                <extra>
                  <technique profile="blender">
                    <connect sid="connect" type="bool">1</connect>
                    <layer sid="layer" type="string">0</layer>
                    <roll sid="roll" type="float">-3.141592</roll>
                  </technique>
                </extra>
              </node>
              <node id="Elephantidae_Asian_Quadraped_Elephantidae_Thigh_R" name="Elephantidae_Thigh_R" sid="Elephantidae_Thigh_R" type="JOINT">
                <matrix sid="transform">-0.7238038 0.597523 0.3450714 -4.52861e-7 0.6490901 0.4199733 0.6342747 1.629043 0.234073 0.6830729 -0.6918245 -1.39326e-6 0 0 0 1</matrix>
                <node id="Elephantidae_Asian_Quadraped_Elephantidae_Leg_R" name="Elephantidae_Leg_R" sid="Elephantidae_Leg_R" type="JOINT">
                  <matrix sid="transform">-0.7284241 0.1376878 -0.6711485 -5.96046e-8 0.5635379 0.6775267 -0.4726338 1.673578 0.3896452 -0.7224955 -0.5711191 -3.57628e-7 0 0 0 1</matrix>
                  <node id="Elephantidae_Asian_Quadraped_Elephantidae_Shin_R" name="Elephantidae_Shin_R" sid="Elephantidae_Shin_R" type="JOINT">
                    <matrix sid="transform">0.9897136 -0.06500368 0.1274436 1.19209e-7 0.03362686 0.9715567 0.2344081 1.746439 -0.139056 -0.2277113 0.9637485 0 0 0 0 1</matrix>
                    <node id="Elephantidae_Asian_Quadraped_Elephantidae_Foot_R" name="Elephantidae_Foot_R" sid="Elephantidae_Foot_R" type="JOINT">
                      <matrix sid="transform">-0.9889324 -0.002746564 0.1483429 0 0.01374293 0.9938349 0.1100185 1.772551 -0.1477305 0.1108395 -0.9827973 -1.19209e-7 0 0 0 1</matrix>
                      <extra>
                        <technique profile="blender">
                          <connect sid="connect" type="bool">1</connect>
                          <layer sid="layer" type="string">16</layer>
                          <roll sid="roll" type="float">-3.09944e-6</roll>
                          <tip_x sid="tip_x" type="float">-8.99315e-4</tip_x>
                          <tip_y sid="tip_y" type="float">0.003149032</tip_y>
                          <tip_z sid="tip_z" type="float">-0.5884156</tip_z>
                        </technique>
                      </extra>
                    </node>
                    <extra>
                      <technique profile="blender">
                        <connect sid="connect" type="bool">1</connect>
                        <layer sid="layer" type="string">16</layer>
                        <roll sid="roll" type="float">-3.005389</roll>
                      </technique>
                    </extra>
                  </node>
                  <extra>
                    <technique profile="blender">
                      <connect sid="connect" type="bool">1</connect>
                      <layer sid="layer" type="string">16</layer>
                      <roll sid="roll" type="float">-3.072653</roll>
                    </technique>
                  </extra>
                </node>
                <extra>
                  <technique profile="blender">
                    <layer sid="layer" type="string">16</layer>
                    <roll sid="roll" type="float">-0.0659095</roll>
                  </technique>
                </extra>
              </node>
              <node id="Elephantidae_Asian_Quadraped_prop-turret" name="prop-turret" sid="prop-turret" type="JOINT">
                <matrix sid="transform">-1 -6.09514e-7 1.58862e-7 -1.53915e-7 -6.13411e-7 0.9996668 -0.02580591 0.4547616 -1.4308e-7 -0.0258059 -0.999667 -1.600791 0 0 0 1</matrix>
                <extra>
                  <technique profile="blender">
                    <layer sid="layer" type="string">24</layer>
                    <roll sid="roll" type="float">0</roll>
                    <tip_x sid="tip_x" type="float">0</tip_x>
                    <tip_y sid="tip_y" type="float">0.1771044</tip_y>
                    <tip_z sid="tip_z" type="float">-5.86033e-4</tip_z>
                  </technique>
                </extra>
              </node>
              <node id="Elephantidae_Asian_Quadraped_prop-egret_2" name="prop-egret.2" sid="prop-egret_2" type="JOINT">
                <matrix sid="transform">-0.7785184 0.4156089 -0.4702958 0.5697865 0.4017406 -0.2457114 -0.8821736 -0.3368538 -0.4821964 -0.8757252 0.0243239 -1.200593 0 0 0 1</matrix>
                <extra>
                  <technique profile="blender">
                    <layer sid="layer" type="string">24</layer>
                    <roll sid="roll" type="float">7.45291e-7</roll>
                    <tip_x sid="tip_x" type="float">-0.07360643</tip_x>
                    <tip_y sid="tip_y" type="float">-0.03898286</tip_y>
                    <tip_z sid="tip_z" type="float">0.1562967</tip_z>
                  </technique>
                </extra>
              </node>
              <node id="Elephantidae_Asian_Quadraped_prop-egret_1" name="prop-egret.1" sid="prop-egret_1" type="JOINT">
                <matrix sid="transform">-0.7151202 -0.3065907 0.6281762 -0.6059129 -0.2881773 -0.6894368 -0.6645529 -1.362496 0.6368335 -0.6562613 0.4046777 -1.296952 0 0 0 1</matrix>
                <extra>
                  <technique profile="blender">
                    <layer sid="layer" type="string">24</layer>
                    <roll sid="roll" type="float">-5.21541e-6</roll>
                    <tip_x sid="tip_x" type="float">0.05429941</tip_x>
                    <tip_y sid="tip_y" type="float">-0.1186681</tip_y>
                    <tip_z sid="tip_z" type="float">0.1197338</tip_z>
                  </technique>
                </extra>
              </node>
              <node id="Elephantidae_Asian_Quadraped_prop-egret_3" name="prop-egret.3" sid="prop-egret_3" type="JOINT">
                <matrix sid="transform">-0.9986609 -0.04589641 0.02387303 -0.08498089 -0.04655961 0.9985227 -0.02800859 1.016118 -0.02255227 -0.0290826 -0.9993227 -1.545535 0 0 0 1</matrix>
                <extra>
                  <technique profile="blender">
                    <layer sid="layer" type="string">24</layer>
                    <roll sid="roll" type="float">-0.02390033</roll>
                    <tip_x sid="tip_x" type="float">0.008128345</tip_x>
                    <tip_y sid="tip_y" type="float">0.1769184</tip_y>
                    <tip_z sid="tip_z" type="float">0</tip_z>
                  </technique>
                </extra>
              </node>
              <node id="Elephantidae_Asian_Quadraped_prop-rider1" name="prop-rider1" sid="prop-rider1" type="JOINT">
                <matrix sid="transform">-1 -6.21092e-7 -1.41953e-7 7.10193e-7 -6.16696e-7 0.9995763 -0.02911304 -1.106191 1.59975e-7 -0.02911304 -0.9995761 -1.797889 0 0 0 1</matrix>
                <extra>
                  <technique profile="blender">
                    <layer sid="layer" type="string">24</layer>
                    <roll sid="roll" type="float">3.01004e-7</roll>
                    <tip_x sid="tip_x" type="float">0</tip_x>
                    <tip_y sid="tip_y" type="float">0.1605983</tip_y>
                    <tip_z sid="tip_z" type="float">0</tip_z>
                  </technique>
                </extra>
              </node>
              <node id="Elephantidae_Asian_Quadraped_prop-rider2" name="prop-rider2" sid="prop-rider2" type="JOINT">
                <matrix sid="transform">-1 -6.44072e-7 -1.41618e-7 8.4952e-8 -6.39676e-7 0.999576 -0.02911345 0.02389981 1.60309e-7 -0.02911345 -0.999576 -1.880197 0 0 0 1</matrix>
                <extra>
                  <technique profile="blender">
                    <layer sid="layer" type="string">24</layer>
                    <roll sid="roll" type="float">3.00669e-7</roll>
                    <tip_x sid="tip_x" type="float">0</tip_x>
                    <tip_y sid="tip_y" type="float">0.1767413</tip_y>
                    <tip_z sid="tip_z" type="float">0</tip_z>
                  </technique>
                </extra>
              </node>
              <node id="Elephantidae_Asian_Quadraped_prop-rider3" name="prop-rider3" sid="prop-rider3" type="JOINT">
                <matrix sid="transform">-1 -6.27659e-7 -1.41857e-7 -5.76552e-7 -6.23263e-7 0.999576 -0.02911376 1.191528 1.6007e-7 -0.02911376 -0.9995761 -1.698854 0 0 0 1</matrix>
                <extra>
                  <technique profile="blender">
                    <layer sid="layer" type="string">24</layer>
                    <roll sid="roll" type="float">3.00908e-7</roll>
                    <tip_x sid="tip_x" type="float">0</tip_x>
                    <tip_y sid="tip_y" type="float">0.177026</tip_y>
                    <tip_z sid="tip_z" type="float">0</tip_z>
                  </technique>
                </extra>
              </node>
              <node id="Elephantidae_Asian_Quadraped_Elephantidae_Thigh_L" name="Elephantidae_Thigh_L" sid="Elephantidae_Thigh_L" type="JOINT">
                <matrix sid="transform">-0.7238029 -0.5975236 -0.3450722 -4.52861e-7 -0.6490911 0.419973 0.6342739 1.629043 -0.2340725 0.6830728 -0.6918249 -1.39326e-6 0 0 0 1</matrix>
                <node id="Elephantidae_Asian_Quadraped_Elephantidae_Leg_L" name="Elephantidae_Leg_L" sid="Elephantidae_Leg_L" type="JOINT">
                  <matrix sid="transform">-0.7284237 -0.1376897 0.6711488 2.38419e-7 -0.5635385 0.6775275 -0.4726318 1.673571 -0.3896452 -0.7224942 -0.5711204 -2.38419e-7 0 0 0 1</matrix>
                  <node id="Elephantidae_Asian_Quadraped_Elephantidae_Shin_L" name="Elephantidae_Shin_L" sid="Elephantidae_Shin_L" type="JOINT">
                    <matrix sid="transform">0.9897137 0.06500132 -0.127443 0 -0.03362553 0.9715581 0.2344021 1.74644 0.1390547 -0.2277056 0.9637499 0 0 0 0 1</matrix>
                    <node id="Elephantidae_Asian_Quadraped_Elephantidae_Foot_L" name="Elephantidae_Foot_L" sid="Elephantidae_Foot_L" type="JOINT">
                      <matrix sid="transform">-0.9889316 0.002742617 -0.1483466 -1.19209e-7 -0.01374633 0.9938355 0.1100118 1.772553 0.1477339 0.1108335 -0.9827974 2.38419e-7 0 0 0 1</matrix>
                      <extra>
                        <technique profile="blender">
                          <connect sid="connect" type="bool">1</connect>
                          <layer sid="layer" type="string">16</layer>
                          <roll sid="roll" type="float">3.09944e-6</roll>
                          <tip_x sid="tip_x" type="float">9.01937e-4</tip_x>
                          <tip_y sid="tip_y" type="float">0.003151178</tip_y>
                          <tip_z sid="tip_z" type="float">-0.5884155</tip_z>
                        </technique>
                      </extra>
                    </node>
                    <extra>
                      <technique profile="blender">
                        <connect sid="connect" type="bool">1</connect>
                        <layer sid="layer" type="string">16</layer>
                        <roll sid="roll" type="float">3.005388</roll>
                      </technique>
                    </extra>
                  </node>
                  <extra>
                    <technique profile="blender">
                      <connect sid="connect" type="bool">1</connect>
                      <layer sid="layer" type="string">16</layer>
                      <roll sid="roll" type="float">3.072653</roll>
                    </technique>
                  </extra>
                </node>
                <extra>
                  <technique profile="blender">
                    <layer sid="layer" type="string">16</layer>
                    <roll sid="roll" type="float">0.06591022</roll>
                  </technique>
                </extra>
              </node>
              <extra>
                <technique profile="blender">
                  <connect sid="connect" type="bool">1</connect>
                  <layer sid="layer" type="string">0</layer>
                  <roll sid="roll" type="float">-3.141592</roll>
                </technique>
              </extra>
            </node>
            <node id="Elephantidae_Asian_Quadraped_Elephantidae_Belly" name="Elephantidae_Belly" sid="Elephantidae_Belly" type="JOINT">
              <matrix sid="transform">1 1.77647e-7 -1.91812e-7 6.31779e-7 -1.43845e-7 0.9865052 0.1637304 1.711375 2.1831e-7 -0.1637304 0.9865052 0.7064017 0 0 0 1</matrix>
              <extra>
                <technique profile="blender">
                  <layer sid="layer" type="string">0</layer>
                  <roll sid="roll" type="float">3.141592</roll>
                  <tip_x sid="tip_x" type="float">0</tip_x>
                  <tip_y sid="tip_y" type="float">0.919747</tip_y>
                  <tip_z sid="tip_z" type="float">-0.03576421</tip_z>
                </technique>
              </extra>
            </node>
            <node id="Elephantidae_Asian_Quadraped_Elephantidae_Shouder_R" name="Elephantidae_Shouder_R" sid="Elephantidae_Shouder_R" type="JOINT">
              <matrix sid="transform">0.9396342 0.3375219 0.05627137 1.04526e-7 -0.003939636 0.1751094 -0.9845412 -2.5034e-6 -0.3421579 0.9248869 0.1658684 -8.9407e-7 0 0 0 1</matrix>
              <node id="Elephantidae_Asian_Quadraped_Elephantidae_Arm_R" name="Elephantidae_Arm_R" sid="Elephantidae_Arm_R" type="JOINT">
                <matrix sid="transform">0.9368828 -0.336026 -0.09662783 5.96046e-8 0.3138099 0.9299885 -0.1914275 2.58238 0.1541874 0.1490224 0.9767387 0 0 0 0 1</matrix>
                <node id="Elephantidae_Asian_Quadraped_Elephantidae_Forearm_R" name="Elephantidae_Forearm_R" sid="Elephantidae_Forearm_R" type="JOINT">
                  <matrix sid="transform">0.9997733 -0.02009098 -0.00706894 2.38419e-7 0.02128772 0.9530874 0.3019465 1.327408 6.70915e-4 -0.3020285 0.9532987 -1.19209e-7 0 0 0 1</matrix>
                  <node id="Elephantidae_Asian_Quadraped_Elephantidae_Hand_R" name="Elephantidae_Hand_R" sid="Elephantidae_Hand_R" type="JOINT">
                    <matrix sid="transform">-0.9947674 -0.004697053 -0.1020578 0 -0.01657691 0.993126 0.1158697 1.181215 0.100812 0.1169552 -0.9880074 0 0 0 0 1</matrix>
                    <extra>
                      <technique profile="blender">
                        <connect sid="connect" type="bool">1</connect>
                        <layer sid="layer" type="string">16</layer>
                        <tip_x sid="tip_x" type="float">0</tip_x>
                        <tip_y sid="tip_y" type="float">0.003148913</tip_y>
                        <tip_z sid="tip_z" type="float">-0.5884156</tip_z>
                      </technique>
                    </extra>
                  </node>
                  <extra>
                    <technique profile="blender">
                      <connect sid="connect" type="bool">1</connect>
                      <layer sid="layer" type="string">16</layer>
                      <roll sid="roll" type="float">3.055272</roll>
                    </technique>
                  </extra>
                </node>
                <extra>
                  <technique profile="blender">
                    <connect sid="connect" type="bool">1</connect>
                    <layer sid="layer" type="string">16</layer>
                    <roll sid="roll" type="float">3.048857</roll>
                  </technique>
                </extra>
              </node>
              <extra>
                <technique profile="blender">
                  <layer sid="layer" type="string">16</layer>
                  <roll sid="roll" type="float">-2.731977</roll>
                </technique>
              </extra>
            </node>
            <node id="Elephantidae_Asian_Quadraped_Elephantidae_Vertebrae_Cervical" name="Elephantidae_Vertebrae_Cervical" sid="Elephantidae_Vertebrae_Cervical" type="JOINT">
              <matrix sid="transform">1 4.33307e-7 1.95771e-6 4.16651e-7 1.0721e-8 -0.9775121 0.2108798 -1.43051e-6 2.00507e-6 -0.2108798 -0.9775175 -1.10269e-6 0 0 0 1</matrix>
              <node id="Elephantidae_Asian_Quadraped_Elephantidae_Head" name="Elephantidae_Head" sid="Elephantidae_Head" type="JOINT">
                <matrix sid="transform">1 8.29389e-7 8.51856e-7 2.27374e-13 -1.15334e-6 0.5027306 0.8644432 1.65551 2.88706e-7 -0.8644431 0.5027306 1.19209e-7 0 0 0 1</matrix>
                <node id="Elephantidae_Asian_Quadraped_Elephantidae_Trunk_1" name="Elephantidae_Trunk_1" sid="Elephantidae_Trunk_1" type="JOINT">
                  <matrix sid="transform">1 1.20586e-6 -1.31414e-6 -9.09495e-13 -4.15157e-7 0.8739471 0.4860208 1.537353 1.73456e-6 -0.4860209 0.8739471 -2.38419e-7 0 0 0 1</matrix>
                  <node id="Elephantidae_Asian_Quadraped_Elephantidae_Trunk_2" name="Elephantidae_Trunk_2" sid="Elephantidae_Trunk_2" type="JOINT">
                    <matrix sid="transform">1 1.3667e-7 -7.02148e-8 0 -1.10816e-7 0.9580573 0.2865769 0.7365749 1.06436e-7 -0.2865769 0.9580573 4.76837e-7 0 0 0 1</matrix>
                    <node id="Elephantidae_Asian_Quadraped_Elephantidae_Trunk_3" name="Elephantidae_Trunk_3" sid="Elephantidae_Trunk_3" type="JOINT">
                      <matrix sid="transform">1 5.12878e-7 -2.55683e-7 2.27374e-13 -5.00668e-7 0.9989569 0.04566204 0.5162416 2.78835e-7 -0.04566205 0.9989569 -4.76837e-7 0 0 0 1</matrix>
                      <node id="Elephantidae_Asian_Quadraped_Elephantidae_Trunk_4" name="Elephantidae_Trunk_4" sid="Elephantidae_Trunk_4" type="JOINT">
                        <matrix sid="transform">1 -2.26215e-7 1.96724e-7 0 1.8306e-7 0.9804305 0.1968651 0.6020018 -2.37409e-7 -0.196865 0.9804307 0 0 0 0 1</matrix>
                        <node id="Elephantidae_Asian_Quadraped_Elephantidae_Trunk_5" name="Elephantidae_Trunk_5" sid="Elephantidae_Trunk_5" type="JOINT">
                          <matrix sid="transform">1 -2.08262e-8 1.67725e-8 -1.13687e-13 2.10667e-8 0.9998953 -0.01446796 0.5290619 -1.64695e-8 0.01446796 0.9998953 -4.76837e-7 0 0 0 1</matrix>
                          <node id="Elephantidae_Asian_Quadraped_Elephantidae_Trunk_6" name="Elephantidae_Trunk_6" sid="Elephantidae_Trunk_6" type="JOINT">
                            <matrix sid="transform">1 -1.19e-7 1.05919e-7 -1.13687e-13 1.2378e-7 0.9989257 -0.04634241 0.5237236 -1.00291e-7 0.04634241 0.9989257 -4.76837e-7 0 0 0 1</matrix>
                            <node id="Elephantidae_Asian_Quadraped_Elephantidae_Trunk_7" name="Elephantidae_Trunk_7" sid="Elephantidae_Trunk_7" type="JOINT">
                              <matrix sid="transform">1 4.59149e-7 -6.41039e-7 2.27374e-13 -3.58896e-7 0.9889191 0.1484548 0.4462104 7.02098e-7 -0.1484548 0.9889192 -4.76837e-7 0 0 0 1</matrix>
                              <node id="Elephantidae_Asian_Quadraped_Elephantidae_Trunk_8" name="Elephantidae_Trunk_8" sid="Elephantidae_Trunk_8" type="JOINT">
                                <matrix sid="transform">1 -3.07456e-7 5.10767e-7 -1.13687e-13 2.66568e-7 0.9969372 0.07820782 0.470353 -5.33248e-7 -0.07820782 0.9969371 4.76837e-7 0 0 0 1</matrix>
                                <node id="Elephantidae_Asian_Quadraped_Elephantidae_Trunk_9" name="Elephantidae_Trunk_9" sid="Elephantidae_Trunk_9" type="JOINT">
                                  <matrix sid="transform">1 -3.01981e-14 8.59313e-13 -1.13687e-13 3.55271e-14 1 1.16229e-6 0.2293093 -8.753e-13 -1.16229e-6 1 -4.76837e-7 0 0 0 1</matrix>
                                  <node id="Elephantidae_Asian_Quadraped_Elephantidae_Trunk_10" name="Elephantidae_Trunk_10" sid="Elephantidae_Trunk_10" type="JOINT">
                                    <matrix sid="transform">1 3.22993e-8 -1.57976e-8 8.7407e-9 -3.13269e-8 0.9983108 0.05809766 0.2701612 1.76474e-8 -0.05809765 0.9983109 -0.01572227 0 0 0 1</matrix>
                                    <node id="Elephantidae_Asian_Quadraped_Elephantidae_Trunk_11" name="Elephantidae_Trunk_11" sid="Elephantidae_Trunk_11" type="JOINT">
                                      <matrix sid="transform">1 -5.15636e-7 4.85327e-8 -1.22299e-7 5.10747e-7 0.9973571 0.0726544 0.2365537 -8.58677e-8 -0.07265434 0.9973572 -0.01723146 0 0 0 1</matrix>
                                      <extra>
                                        <technique profile="blender">
                                          <layer sid="layer" type="string">19</layer>
                                          <roll sid="roll" type="float">3.141592</roll>
                                          <tip_x sid="tip_x" type="float">0</tip_x>
                                          <tip_y sid="tip_y" type="float">0.06844043</tip_y>
                                          <tip_z sid="tip_z" type="float">-0.1633467</tip_z>
                                        </technique>
                                      </extra>
                                    </node>
                                    <node id="Elephantidae_Asian_Quadraped_prop-beam" name="prop-beam" sid="prop-beam" type="JOINT">
                                      <matrix sid="transform">1 1.76019e-7 1.49511e-7 3.11738e-8 -1.52156e-7 0.01512125 0.9998856 0.002678156 1.73738e-7 -0.9998856 0.01512131 -0.1770844 0 0 0 1</matrix>
                                      <extra>
                                        <technique profile="blender">
                                          <layer sid="layer" type="string">24</layer>
                                          <roll sid="roll" type="float">-3.141592</roll>
                                          <tip_x sid="tip_x" type="float">0</tip_x>
                                          <tip_y sid="tip_y" type="float">0.1687207</tip_y>
                                          <tip_z sid="tip_z" type="float">0.05384743</tip_z>
                                        </technique>
                                      </extra>
                                    </node>
                                    <extra>
                                      <technique profile="blender">
                                        <layer sid="layer" type="string">19</layer>
                                        <roll sid="roll" type="float">-3.141592</roll>
                                        <tip_x sid="tip_x" type="float">0</tip_x>
                                        <tip_y sid="tip_y" type="float">0.05639171</tip_y>
                                        <tip_z sid="tip_z" type="float">-0.1678874</tip_z>
                                      </technique>
                                    </extra>
                                  </node>
                                  <node id="Elephantidae_Asian_Quadraped_prop-trunk_grasp" name="prop-trunk.grasp" sid="prop-trunk_grasp" type="JOINT">
                                    <matrix sid="transform">-1 9.93551e-8 -1.76108e-7 -1.90536e-7 1.53755e-8 -0.8310671 -0.5561728 -0.7518336 -2.01616e-7 -0.5561725 0.8310671 -0.6996684 0 0 0 1</matrix>
                                    <extra>
                                      <technique profile="blender">
                                        <layer sid="layer" type="string">24</layer>
                                        <roll sid="roll" type="float">0</roll>
                                        <tip_x sid="tip_x" type="float">0</tip_x>
                                        <tip_y sid="tip_y" type="float">0.05635833</tip_y>
                                        <tip_z sid="tip_z" type="float">0.1678986</tip_z>
                                      </technique>
                                    </extra>
                                  </node>
                                  <extra>
                                    <technique profile="blender">
                                      <connect sid="connect" type="bool">1</connect>
                                      <layer sid="layer" type="string">19</layer>
                                      <roll sid="roll" type="float">-3.141592</roll>
                                      <tip_x sid="tip_x" type="float">0</tip_x>
                                      <tip_y sid="tip_y" type="float">0.04654264</tip_y>
                                      <tip_z sid="tip_z" type="float">-0.1708801</tip_z>
                                    </technique>
                                  </extra>
                                </node>
                                <extra>
                                  <technique profile="blender">
                                    <connect sid="connect" type="bool">1</connect>
                                    <layer sid="layer" type="string">19</layer>
                                    <roll sid="roll" type="float">-3.141592</roll>
                                  </technique>
                                </extra>
                              </node>
                              <extra>
                                <technique profile="blender">
                                  <connect sid="connect" type="bool">1</connect>
                                  <layer sid="layer" type="string">19</layer>
                                  <roll sid="roll" type="float">3.141592</roll>
                                </technique>
                              </extra>
                            </node>
                            <extra>
                              <technique profile="blender">
                                <connect sid="connect" type="bool">1</connect>
                                <layer sid="layer" type="string">19</layer>
                                <roll sid="roll" type="float">-3.141592</roll>
                              </technique>
                            </extra>
                          </node>
                          <extra>
                            <technique profile="blender">
                              <connect sid="connect" type="bool">1</connect>
                              <layer sid="layer" type="string">19</layer>
                              <roll sid="roll" type="float">-3.141592</roll>
                            </technique>
                          </extra>
                        </node>
                        <extra>
                          <technique profile="blender">
                            <connect sid="connect" type="bool">1</connect>
                            <layer sid="layer" type="string">19</layer>
                            <roll sid="roll" type="float">-3.141592</roll>
                          </technique>
                        </extra>
                      </node>
                      <extra>
                        <technique profile="blender">
                          <connect sid="connect" type="bool">1</connect>
                          <layer sid="layer" type="string">19</layer>
                          <roll sid="roll" type="float">-3.141592</roll>
                        </technique>
                      </extra>
                    </node>
                    <extra>
                      <technique profile="blender">
                        <connect sid="connect" type="bool">1</connect>
                        <layer sid="layer" type="string">19</layer>
                        <roll sid="roll" type="float">3.141592</roll>
                      </technique>
                    </extra>
                  </node>
                  <extra>
                    <technique profile="blender">
                      <connect sid="connect" type="bool">1</connect>
                      <layer sid="layer" type="string">19</layer>
                      <roll sid="roll" type="float">3.141592</roll>
                    </technique>
                  </extra>
                </node>
                <node id="Elephantidae_Asian_Quadraped_Elephantidae_Ear_1_R" name="Elephantidae_Ear_1_R" sid="Elephantidae_Ear_1_R" type="JOINT">
                  <matrix sid="transform">-0.6315038 0.7675527 0.1098444 0.8245568 -0.5564337 -0.3499584 -0.7535985 -0.1339405 -0.5399856 -0.5370215 0.6480923 0.9055512 0 0 0 1</matrix>
                  <node id="Elephantidae_Asian_Quadraped_Elephantidae_Ear_2_R" name="Elephantidae_Ear_2_R" sid="Elephantidae_Ear_2_R" type="JOINT">
                    <matrix sid="transform">0.9319317 0.2651269 0.2474085 2.38419e-7 -0.3321529 0.8978689 0.288974 0.5566683 -0.1455255 -0.3514815 0.9248152 -1.19209e-7 0 0 0 1</matrix>
                    <node id="Elephantidae_Asian_Quadraped_Elephantidae_Ear_3_R" name="Elephantidae_Ear_3_R" sid="Elephantidae_Ear_3_R" type="JOINT">
                      <matrix sid="transform">0.9964161 -0.005611695 -0.08440159 0 -0.01956699 0.955443 -0.2945262 0.4421041 0.08229373 0.2951223 0.9519088 0 0 0 0 1</matrix>
                      <extra>
                        <technique profile="blender">
                          <connect sid="connect" type="bool">1</connect>
                          <layer sid="layer" type="string">3</layer>
                          <roll sid="roll" type="float">2.67474e-6</roll>
                          <tip_x sid="tip_x" type="float">-0.3943901</tip_x>
                          <tip_y sid="tip_y" type="float">0.610292</tip_y>
                          <tip_z sid="tip_z" type="float">-0.2382359</tip_z>
                        </technique>
                      </extra>
                    </node>
                    <extra>
                      <technique profile="blender">
                        <connect sid="connect" type="bool">1</connect>
                        <layer sid="layer" type="string">3</layer>
                        <roll sid="roll" type="float">-5.5283e-6</roll>
                      </technique>
                    </extra>
                  </node>
                  <extra>
                    <technique profile="blender">
                      <layer sid="layer" type="string">3</layer>
                      <roll sid="roll" type="float">7.67406e-6</roll>
                    </technique>
                  </extra>
                </node>
                <node id="Elephantidae_Asian_Quadraped_prop-head" name="prop-head" sid="prop-head" type="JOINT">
                  <matrix sid="transform">-1 -1.37171e-6 1.13188e-6 -1.64344e-6 8.70216e-8 0.5979502 0.8015332 0.7164047 -1.77628e-6 0.8015331 -0.5979503 0.9603181 0 0 0 1</matrix>
                  <extra>
                    <technique profile="blender">
                      <layer sid="layer" type="string">8</layer>
                      <roll sid="roll" type="float">-1.39415e-7</roll>
                      <tip_x sid="tip_x" type="float">0</tip_x>
                      <tip_y sid="tip_y" type="float">-0.1691098</tip_y>
                      <tip_z sid="tip_z" type="float">0.05261278</tip_z>
                    </technique>
                  </extra>
                </node>
                <node id="Elephantidae_Asian_Quadraped_prop-tusk_left" name="prop-tusk_left" sid="prop-tusk_left" type="JOINT">
                  <matrix sid="transform">-1 2.18758e-6 2.03465e-6 -0.4733041 1.64498e-6 0.9716939 -0.2362435 2.018705 -2.49386e-6 -0.2362435 -0.9716939 -0.6052892 0 0 0 1</matrix>
                  <extra>
                    <technique profile="blender">
                      <layer sid="layer" type="string">24</layer>
                      <roll sid="roll" type="float">2.19133e-6</roll>
                      <tip_x sid="tip_x" type="float">-1.78814e-7</tip_x>
                      <tip_y sid="tip_y" type="float">-0.114644</tip_y>
                      <tip_z sid="tip_z" type="float">-0.1349925</tip_z>
                    </technique>
                  </extra>
                </node>
                <node id="Elephantidae_Asian_Quadraped_prop-tusk_right" name="prop-tusk_right" sid="prop-tusk_right" type="JOINT">
                  <matrix sid="transform">-1 2.18758e-6 1.79623e-6 0.4733064 1.70131e-6 0.9716938 -0.2362432 2.018705 -2.26219e-6 -0.2362432 -0.971694 -0.6052868 0 0 0 1</matrix>
                  <extra>
                    <technique profile="blender">
                      <layer sid="layer" type="string">24</layer>
                      <roll sid="roll" type="float">2.42975e-6</roll>
                      <tip_x sid="tip_x" type="float">-1.78814e-7</tip_x>
                      <tip_y sid="tip_y" type="float">-0.114644</tip_y>
                      <tip_z sid="tip_z" type="float">-0.1349925</tip_z>
                    </technique>
                  </extra>
                </node>
