<?xml version="1.0" encoding="utf-8"?>
<COLLADA xmlns="http://www.collada.org/2005/11/COLLADASchema" version="1.4.0">
  <asset>
    <contributor>
      <author></author>
      <authoring_tool>FBX COLLADA exporter</authoring_tool>
      <comments></comments>
    </contributor>
    <created>2008-12-28T22:14:01Z</created>
    <modified>2008-12-28T22:14:01Z</modified>
    <revision></revision>
    <title></title>
    <subject></subject>
    <keywords></keywords>
    <unit meter="0.025400"/>
    <up_axis>Z_UP</up_axis>
  </asset>
  <library_materials>
    <material id="_01___Default" name="_01___Default">
      <instance_effect url="#_01___Default-fx"/>
    </material>
  </library_materials>
  <library_effects>
    <effect id="_01___Default-fx" name="_01___Default">
      <profile_COMMON>
        <technique sid="standard">
          <phong>
            <emission>
              <color sid="emission">0.000000  0.000000 0.000000 1.000000</color>
            </emission>
            <ambient>
              <color sid="ambient">0.588235  0.588235 0.588235 1.000000</color>
            </ambient>
            <diffuse>
              <color sid="diffuse">0.588235  0.588235 0.588235 1.000000</color>
            </diffuse>
            <specular>
              <color sid="specular">0.000000  0.000000 0.000000 1.000000</color>
            </specular>
            <shininess>
              <float sid="shininess">2.000000</float>
            </shininess>
            <reflective>
              <color sid="reflective">0.000000  0.000000 0.000000 1.000000</color>
            </reflective>
            <reflectivity>
              <float sid="reflectivity">1.000000</float>
            </reflectivity>
            <transparent>
              <color sid="transparent">1.000000  1.000000 1.000000 1.000000</color>
            </transparent>
            <transparency>
              <float sid="transparency">0.000000</float>
            </transparency>
          </phong>
        </technique>
      </profile_COMMON>
    </effect>
  </library_effects>
  <library_geometries>
    <geometry id="apple21-lib" name="apple21Mesh">
      <mesh>
        <source id="apple21-lib-Position">
          <float_array id="apple21-lib-Position-array" count="90">
0.000000 0.000000 4.517541
-0.000000 4.517541 -0.000000
-4.517541 -0.000000 -0.000000
0.000000 -4.517541 -0.000000
4.517541 0.000001 -0.000000
0.000000 0.000000 -4.517541
30.973858 34.030907 -90.497879
34.890408 35.901104 -95.186096
29.371792 33.008087 -96.597336
30.991323 28.091873 -92.852425
36.509953 30.984896 -91.441185
34.907879 29.962067 -97.540649
-13.846241 59.009758 -80.383789
-13.846241 63.527306 -84.901337
-18.363773 59.009762 -84.901337
-13.846233 54.492214 -84.901337
-9.328697 59.009766 -84.901344
-13.846226 59.009758 -89.418869
-67.684464 40.563835 6.133202
-63.767910 42.434029 1.444992
-69.286530 39.541008 0.033730
-67.666992 34.624802 3.778648
-62.148365 37.517826 5.189896
-63.750431 36.494991 -0.909576
-24.262177 -8.415867 43.664791
-20.345629 -6.545675 38.976574
-25.864248 -9.438694 37.565319
-24.244703 -14.354898 41.310230
-18.726084 -11.461880 42.721485
-20.328156 -12.484707 36.622013
</float_array>
          <technique_common>
            <accessor source="#apple21-lib-Position-array" count="30" stride="3">
              <param name="X" type="float"/>
              <param name="Y" type="float"/>
              <param name="Z" type="float"/>
            </accessor>
          </technique_common>
        </source>
        <source id="apple21-lib-Normal0">
          <float_array id="apple21-lib-Normal0-array" count="360">
0.000000 -0.000000 1.000000
0.000000 1.000000 0.000000
-1.000000 -0.000000 0.000000
0.000000 -0.000000 1.000000
-1.000000 -0.000000 0.000000
0.000000 -1.000000 -0.000000
0.000000 -0.000000 1.000000
0.000000 -1.000000 -0.000000
1.000000 0.000000 0.000000
0.000000 -0.000000 1.000000
1.000000 0.000000 0.000000
0.000000 1.000000 0.000000
0.000000 -0.000000 -1.000000
-1.000000 -0.000000 0.000000
0.000000 1.000000 0.000000
0.000000 -0.000000 -1.000000
0.000000 -1.000000 -0.000000
-1.000000 -0.000000 0.000000
0.000000 -0.000000 -1.000000
1.000000 0.000000 0.000000
0.000000 -1.000000 -0.000000
0.000000 -0.000000 -1.000000
0.000000 1.000000 0.000000
1.000000 0.000000 0.000000
-0.435416 0.450338 0.779492
0.431548 0.864322 -0.258289
-0.790050 0.223927 -0.570682
-0.435416 0.450338 0.779492
-0.790050 0.223927 -0.570682
-0.431549 -0.864322 0.258289
-0.435416 0.450338 0.779492
-0.431549 -0.864322 0.258289
0.790050 -0.223925 0.570682
-0.435416 0.450338 0.779492
0.790050 -0.223925 0.570682
0.431548 0.864322 -0.258289
0.435415 -0.450339 -0.779492
-0.790050 0.223927 -0.570682
0.431548 0.864322 -0.258289
0.435415 -0.450339 -0.779492
-0.431549 -0.864322 0.258289
-0.790050 0.223927 -0.570682
0.435415 -0.450339 -0.779492
0.790050 -0.223925 0.570682
-0.431549 -0.864322 0.258289
0.435415 -0.450339 -0.779492
0.431548 0.864322 -0.258289
0.790050 -0.223925 0.570682
-0.000000 -0.000000 1.000000
-0.000001 1.000000 -0.000000
-1.000000 0.000000 -0.000001
-0.000000 -0.000000 1.000000
-1.000000 0.000000 -0.000001
0.000000 -1.000000 -0.000000
-0.000000 -0.000000 1.000000
0.000000 -1.000000 -0.000000
1.000000 0.000001 -0.000001
-0.000000 -0.000000 1.000000
1.000000 0.000001 -0.000001
-0.000001 1.000000 -0.000000
0.000001 -0.000001 -1.000000
-1.000000 0.000000 -0.000001
-0.000001 1.000000 -0.000000
0.000001 -0.000001 -1.000000
0.000000 -1.000000 -0.000000
-1.000000 0.000000 -0.000001
0.000001 -0.000001 -1.000000
1.000000 0.000001 -0.000001
0.000000 -1.000000 -0.000000
0.000001 -0.000001 -1.000000
-0.000001 1.000000 -0.000000
1.000000 0.000001 -0.000001
-0.435417 0.450338 0.779492
0.431548 0.864323 -0.258287
-0.790049 0.223926 -0.570683
-0.435417 0.450338 0.779492
-0.790049 0.223926 -0.570683
-0.431549 -0.864322 0.258289
-0.435417 0.450338 0.779492
-0.431549 -0.864322 0.258289
0.790050 -0.223925 0.570683
-0.435417 0.450338 0.779492
0.790050 -0.223925 0.570683
0.431548 0.864323 -0.258287
0.435417 -0.450338 -0.779492
-0.790049 0.223926 -0.570683
0.431548 0.864323 -0.258287
0.435417 -0.450338 -0.779492
-0.431549 -0.864322 0.258289
-0.790049 0.223926 -0.570683
0.435417 -0.450338 -0.779492
0.790050 -0.223925 0.570683
-0.431549 -0.864322 0.258289
0.435417 -0.450338 -0.779492
0.431548 0.864323 -0.258287
0.790050 -0.223925 0.570683
-0.435416 0.450338 0.779492
0.431548 0.864322 -0.258288
-0.790050 0.223926 -0.570683
-0.435416 0.450338 0.779492
-0.790050 0.223926 -0.570683
-0.431548 -0.864322 0.258288
-0.435416 0.450338 0.779492
-0.431548 -0.864322 0.258288
0.790050 -0.223926 0.570683
-0.435416 0.450338 0.779492
0.790050 -0.223926 0.570683
0.431548 0.864322 -0.258288
0.435416 -0.450338 -0.779492
-0.790050 0.223926 -0.570683
0.431548 0.864322 -0.258288
0.435416 -0.450338 -0.779492
-0.431548 -0.864322 0.258288
-0.790050 0.223926 -0.570683
0.435416 -0.450338 -0.779492
0.790050 -0.223926 0.570683
-0.431548 -0.864322 0.258288
0.435416 -0.450338 -0.779492
0.431548 0.864322 -0.258288
0.790050 -0.223926 0.570683
</float_array>
          <technique_common>
            <accessor source="#apple21-lib-Normal0-array" count="120" stride="3">
              <param name="X" type="float"/>
              <param name="Y" type="float"/>
              <param name="Z" type="float"/>
            </accessor>
          </technique_common>
        </source>
        <source id="apple21-lib-UV0">
          <float_array id="apple21-lib-UV0-array" count="240">
0.821118 0.073037
0.824312 0.074809
0.823686 0.073233
0.823059 0.075005
1.004694 0.002930
0.749965 0.010517
0.822033 0.001354
0.821407 0.003322
0.818212 0.148460
0.818212 0.004703
0.749965 0.154274
0.822033 0.145112
0.821407 0.147080
0.998595 0.076581
1.004694 0.146688
1.001500 0.001158
1.001500 0.144916
1.004068 0.001354
1.004068 0.145112
1.003442 0.146884
1.003442 0.003126
0.930347 0.082396
1.002415 0.073233
1.001789 0.075201
0.821118 0.073037
0.824312 0.074809
0.823686 0.073233
0.823059 0.075005
1.004694 0.002930
0.749965 0.010517
0.822033 0.001354
0.821407 0.003322
0.818212 0.148460
0.818212 0.004703
0.749965 0.154274
0.822033 0.145112
0.821407 0.147080
0.998595 0.076581
1.004694 0.146688
1.001500 0.001158
1.001500 0.144916
1.004068 0.001354
1.004068 0.145112
1.003442 0.146884
1.003442 0.003126
0.930347 0.082396
1.002415 0.073233
1.001789 0.075201
0.821118 0.073037
0.824312 0.074809
0.823686 0.073233
0.823059 0.075005
1.004694 0.002930
0.749965 0.010517
0.822033 0.001354
0.821407 0.003322
0.818212 0.148460
0.818212 0.004703
0.749965 0.154274
0.822033 0.145112
0.821407 0.147080
0.998595 0.076581
1.004694 0.146688
1.001500 0.001158
1.001500 0.144916
1.004068 0.001354
1.004068 0.145112
1.003442 0.146884
1.003442 0.003126
0.930347 0.082396
1.002415 0.073233
1.001789 0.075201
0.821118 0.073037
0.824312 0.074809
0.823686 0.073233
0.823059 0.075005
1.004694 0.002930
0.749965 0.010517
0.822033 0.001354
0.821407 0.003322
0.818212 0.148460
0.818212 0.004703
0.749965 0.154274
0.822033 0.145112
0.821407 0.147080
0.998595 0.076581
1.004694 0.146688
1.001500 0.001158
1.001500 0.144916
1.004068 0.001354
1.004068 0.145112
1.003442 0.146884
1.003442 0.003126
0.930347 0.082396
1.002415 0.073233
1.001789 0.075201
0.821118 0.073037
0.824312 0.074809
0.823686 0.073233
0.823059 0.075005
1.004694 0.002930
0.749965 0.010517
0.822033 0.001354
0.821407 0.003322
0.818212 0.148460
0.818212 0.004703
0.749965 0.154274
0.822033 0.145112
0.821407 0.147080
0.998595 0.076581
1.004694 0.146688
1.001500 0.001158
1.001500 0.144916
1.004068 0.001354
1.004068 0.145112
1.003442 0.146884
1.003442 0.003126
0.930347 0.082396
1.002415 0.073233
1.001789 0.075201
</float_array>
          <technique_common>
            <accessor source="#apple21-lib-UV0-array" count="120" stride="2">
              <param name="S" type="float"/>
              <param name="T" type="float"/>
            </accessor>
          </technique_common>
        </source>
        <vertices id="apple21-lib-Vertex">
          <input semantic="POSITION" source="#apple21-lib-Position"/>
        </vertices>
        <polygons material="_01___Default" count="40">
          <input semantic="VERTEX" offset="0" source="#apple21-lib-Vertex"/>
          <input semantic="NORMAL" offset="1" source="#apple21-lib-Normal0"/>
          <input semantic="TEXCOORD" offset="2" set="0" source="#apple21-lib-UV0"/>
          <p>0 0 0 1 1 15 2 2 16</p>
          <p>0 3 1 2 4 4 3 5 14</p>
          <p>0 6 2 3 7 17 4 8 18</p>
          <p>0 9 3 4 10 20 1 11 19</p>
          <p>5 12 21 2 13 10 1 14 5</p>
          <p>5 15 22 3 16 11 2 17 6</p>
          <p>5 18 23 4 19 12 3 20 7</p>
          <p>5 21 13 1 22 8 4 23 9</p>
          <p>6 24 24 7 25 39 8 26 40</p>
          <p>6 27 25 8 28 28 9 29 38</p>
          <p>6 30 26 9 31 41 10 32 42</p>
          <p>6 33 27 10 34 44 7 35 43</p>
          <p>11 36 45 8 37 34 7 38 29</p>
          <p>11 39 46 9 40 35 8 41 30</p>
          <p>11 42 47 10 43 36 9 44 31</p>
          <p>11 45 37 7 46 32 10 47 33</p>
          <p>12 48 48 13 49 63 14 50 64</p>
          <p>12 51 49 14 52 52 15 53 62</p>
          <p>12 54 50 15 55 65 16 56 66</p>
          <p>12 57 51 16 58 68 13 59 67</p>
          <p>17 60 69 14 61 58 13 62 53</p>
          <p>17 63 70 15 64 59 14 65 54</p>
          <p>17 66 71 16 67 60 15 68 55</p>
          <p>17 69 61 13 70 56 16 71 57</p>
          <p>18 72 72 19 73 87 20 74 88</p>
          <p>18 75 73 20 76 76 21 77 86</p>
          <p>18 78 74 21 79 89 22 80 90</p>
          <p>18 81 75 22 82 92 19 83 91</p>
          <p>23 84 93 20 85 82 19 86 77</p>
          <p>23 87 94 21 88 83 20 89 78</p>
          <p>23 90 95 22 91 84 21 92 79</p>
          <p>23 93 85 19 94 80 22 95 81</p>
          <p>24 96 96 25 97 111 26 98 112</p>
          <p>24 99 97 26 100 100 27 101 110</p>
          <p>24 102 98 27 103 113 28 104 114</p>
          <p>24 105 99 28 106 116 25 107 115</p>
          <p>29 108 117 26 109 106 25 110 101</p>
          <p>29 111 118 27 112 107 26 113 102</p>
          <p>29 114 119 28 115 108 27 116 103</p>
          <p>29 117 109 25 118 104 28 119 105</p>
        </polygons>
      </mesh>
    </geometry>
  </library_geometries>
  <library_visual_scenes>
    <visual_scene id="RootNode" name="RootNode">
      <node id="apple21" name="apple21">
        <translate sid="translate">0.948673 2.606689 0.402799</translate>
        <rotate sid="rotateZ">0 0 1 118.010903</rotate>
        <rotate sid="rotateY">0 1 0 -30.546407</rotate>
        <rotate sid="rotateX">1 0 0 56.915735</rotate>
        <scale sid="scale">0.054943 0.054943 0.054943</scale>
        <instance_geometry url="#apple21-lib">
          <bind_material>
            <technique_common>
              <instance_material symbol="_01___Default" target="#_01___Default"/>
            </technique_common>
          </bind_material>
        </instance_geometry>
      </node>
    </visual_scene>
  </library_visual_scenes>
  <scene>
    <instance_visual_scene url="#RootNode"/>
  </scene>
</COLLADA>

