<?xml version="1.0" encoding="utf-8"?>
<COLLADA xmlns="http://www.collada.org/2005/11/COLLADASchema" version="1.4.0">
  <asset>
    <contributor>
      <author></author>
      <authoring_tool>FBX COLLADA exporter</authoring_tool>
      <comments></comments>
    </contributor>
    <created>2008-12-28T22:11:56Z</created>
    <modified>2008-12-28T22:11:56Z</modified>
    <revision></revision>
    <title></title>
    <subject></subject>
    <keywords></keywords>
    <unit meter="0.025400"/>
    <up_axis>Z_UP</up_axis>
  </asset>
  <library_materials>
    <material id="_01___Default" name="_01___Default">
      <instance_effect url="#_01___Default-fx"/>
    </material>
  </library_materials>
  <library_effects>
    <effect id="_01___Default-fx" name="_01___Default">
      <profile_COMMON>
        <technique sid="standard">
          <phong>
            <emission>
              <color sid="emission">0.000000  0.000000 0.000000 1.000000</color>
            </emission>
            <ambient>
              <color sid="ambient">0.588235  0.588235 0.588235 1.000000</color>
            </ambient>
            <diffuse>
              <color sid="diffuse">0.588235  0.588235 0.588235 1.000000</color>
            </diffuse>
            <specular>
              <color sid="specular">0.000000  0.000000 0.000000 1.000000</color>
            </specular>
            <shininess>
              <float sid="shininess">2.000000</float>
            </shininess>
            <reflective>
              <color sid="reflective">0.000000  0.000000 0.000000 1.000000</color>
            </reflective>
            <reflectivity>
              <float sid="reflectivity">1.000000</float>
            </reflectivity>
            <transparent>
              <color sid="transparent">1.000000  1.000000 1.000000 1.000000</color>
            </transparent>
            <transparency>
              <float sid="transparency">0.000000</float>
            </transparency>
          </phong>
        </technique>
      </profile_COMMON>
    </effect>
  </library_effects>
  <library_geometries>
    <geometry id="apple23-lib" name="apple23Mesh">
      <mesh>
        <source id="apple23-lib-Position">
          <float_array id="apple23-lib-Position-array" count="216">
0.000000 0.000000 4.517541
-0.000000 4.517541 -0.000000
-4.517541 -0.000000 -0.000000
0.000000 -4.517541 -0.000000
4.517541 0.000001 -0.000000
0.000000 0.000000 -4.517541
-45.502125 15.851908 29.378119
-41.872231 17.996803 24.578154
-47.362644 14.978299 23.329016
-45.418907 9.996300 26.824434
-39.928493 13.014804 28.073570
-41.789013 12.141195 22.024469
-58.868286 33.275452 17.084375
-58.868286 37.792992 12.566833
-63.385826 33.275452 12.566833
-58.868286 28.757910 12.566833
-54.350746 33.275452 12.566833
-58.868286 33.275452 8.049292
-63.653427 37.603821 19.037003
-63.653427 42.121361 14.519462
-68.170967 37.603821 14.519461
-63.653423 33.086277 14.519461
-59.135891 37.603821 14.519461
-63.653427 37.603821 10.001919
-89.082611 68.946045 -1.579533
-85.452713 71.090950 -6.379499
-90.943146 68.072449 -7.628639
-88.999405 63.090446 -4.133216
-83.508980 66.108948 -2.884083
-85.369507 65.235352 -8.933180
-23.403868 26.302122 -10.552348
-23.755625 30.962254 -14.908472
-28.130264 26.306551 -14.850896
-23.484245 21.936489 -15.216162
-19.109604 26.592192 -15.273739
-23.836000 26.596621 -19.572285
-5.056866 27.855572 -32.771580
-8.646542 32.927013 -34.258549
-11.204031 27.072863 -34.325958
-6.623356 25.117788 -38.327389
-4.065866 30.971937 -38.259979
-10.213032 30.189228 -39.814358
4.504630 67.995567 -103.339813
8.134521 70.140465 -108.139786
2.644113 67.121964 -109.388916
4.587844 62.139961 -105.893509
10.078263 65.158463 -104.644379
8.217742 64.284859 -110.693474
-40.022293 91.895050 -89.843002
-40.374050 96.555176 -94.199127
-44.748688 91.899475 -94.141556
-40.102676 87.529419 -94.506821
-35.728027 92.185120 -94.564392
-40.454422 92.189545 -98.862946
-74.622833 99.127167 -63.537521
-78.212509 104.198624 -65.024483
-80.770004 98.344467 -65.091904
-76.189316 96.389404 -69.093323
-73.631828 102.243546 -69.025925
-79.778992 101.460846 -70.580299
-60.043045 117.645325 -107.723373
-60.043045 122.162872 -112.240921
-64.560585 117.645325 -112.240921
-60.043045 113.127777 -112.240921
-55.525501 117.645325 -112.240906
-60.043037 117.645325 -116.758453
-38.703110 121.239807 -136.311020
-38.703110 125.757355 -140.828552
-43.220650 121.239807 -140.828568
-38.703114 116.722260 -140.828568
-34.185566 121.239807 -140.828568
-38.703110 121.239807 -145.346100
</float_array>
          <technique_common>
            <accessor source="#apple23-lib-Position-array" count="72" stride="3">
              <param name="X" type="float"/>
              <param name="Y" type="float"/>
              <param name="Z" type="float"/>
            </accessor>
          </technique_common>
        </source>
        <source id="apple23-lib-Normal0">
          <float_array id="apple23-lib-Normal0-array" count="864">
0.000000 -0.000000 1.000000
0.000000 1.000000 0.000000
-1.000000 -0.000000 0.000000
0.000000 -0.000000 1.000000
-1.000000 -0.000000 0.000000
0.000000 -1.000000 -0.000000
0.000000 -0.000000 1.000000
0.000000 -1.000000 -0.000000
1.000000 0.000000 0.000000
0.000000 -0.000000 1.000000
1.000000 0.000000 0.000000
0.000000 1.000000 0.000000
0.000000 -0.000000 -1.000000
-1.000000 -0.000000 0.000000
0.000000 1.000000 0.000000
0.000000 -0.000000 -1.000000
0.000000 -1.000000 -0.000000
-1.000000 -0.000000 0.000000
0.000000 -0.000000 -1.000000
1.000000 0.000000 0.000000
0.000000 -1.000000 -0.000000
0.000000 -0.000000 -1.000000
0.000000 1.000000 0.000000
1.000000 0.000000 0.000000
-0.410966 0.410700 0.813899
0.392545 0.885493 -0.248617
-0.822809 0.217319 -0.525126
-0.410966 0.410700 0.813899
-0.822809 0.217319 -0.525126
-0.392545 -0.885493 0.248618
-0.410966 0.410700 0.813899
-0.392545 -0.885493 0.248618
0.822810 -0.217319 0.525126
-0.410966 0.410700 0.813899
0.822810 -0.217319 0.525126
0.392545 0.885493 -0.248617
0.410966 -0.410700 -0.813899
-0.822809 0.217319 -0.525126
0.392545 0.885493 -0.248617
0.410966 -0.410700 -0.813899
-0.392545 -0.885493 0.248618
-0.822809 0.217319 -0.525126
0.410966 -0.410700 -0.813899
0.822810 -0.217319 0.525126
-0.392545 -0.885493 0.248618
0.410966 -0.410700 -0.813899
0.392545 0.885493 -0.248617
0.822810 -0.217319 0.525126
-0.000000 0.000000 1.000000
0.000000 1.000000 0.000000
-1.000000 0.000000 0.000000
-0.000000 0.000000 1.000000
-1.000000 0.000000 0.000000
0.000000 -1.000000 0.000000
-0.000000 0.000000 1.000000
0.000000 -1.000000 0.000000
1.000000 0.000000 0.000000
-0.000000 0.000000 1.000000
1.000000 0.000000 0.000000
0.000000 1.000000 0.000000
-0.000000 0.000000 -1.000000
-1.000000 0.000000 0.000000
0.000000 1.000000 0.000000
-0.000000 0.000000 -1.000000
0.000000 -1.000000 0.000000
-1.000000 0.000000 0.000000
-0.000000 0.000000 -1.000000
1.000000 0.000000 0.000000
0.000000 -1.000000 0.000000
-0.000000 0.000000 -1.000000
0.000000 1.000000 0.000000
1.000000 0.000000 0.000000
0.000000 0.000000 1.000000
0.000000 1.000000 0.000000
-1.000000 -0.000000 -0.000000
0.000000 0.000000 1.000000
-1.000000 -0.000000 -0.000000
0.000001 -1.000000 0.000000
0.000000 0.000000 1.000000
0.000001 -1.000000 0.000000
1.000000 0.000000 0.000000
0.000000 0.000000 1.000000
1.000000 0.000000 0.000000
0.000000 1.000000 0.000000
0.000000 0.000000 -1.000000
-1.000000 -0.000000 -0.000000
0.000000 1.000000 0.000000
0.000000 0.000000 -1.000000
0.000001 -1.000000 0.000000
-1.000000 -0.000000 -0.000000
0.000000 0.000000 -1.000000
1.000000 0.000000 0.000000
0.000001 -1.000000 0.000000
0.000000 0.000000 -1.000000
0.000000 1.000000 0.000000
1.000000 0.000000 0.000000
-0.410965 0.410700 0.813900
0.392546 0.885493 -0.248617
-0.822810 0.217320 -0.525125
-0.410965 0.410700 0.813900
-0.822810 0.217320 -0.525125
-0.392545 -0.885493 0.248617
-0.410965 0.410700 0.813900
-0.392545 -0.885493 0.248617
0.822810 -0.217320 0.525125
-0.410965 0.410700 0.813900
0.822810 -0.217320 0.525125
0.392546 0.885493 -0.248617
0.410966 -0.410700 -0.813900
-0.822810 0.217320 -0.525125
0.392546 0.885493 -0.248617
0.410966 -0.410700 -0.813900
-0.392545 -0.885493 0.248617
-0.822810 0.217320 -0.525125
0.410966 -0.410700 -0.813900
0.822810 -0.217320 0.525125
-0.392545 -0.885493 0.248617
0.410966 -0.410700 -0.813900
0.392546 0.885493 -0.248617
0.822810 -0.217320 0.525125
0.047828 -0.032595 0.998324
-0.030036 0.998968 0.034055
-0.998404 -0.031615 0.046800
0.047828 -0.032595 0.998324
-0.998404 -0.031615 0.046800
0.030036 -0.998968 -0.034055
0.047828 -0.032595 0.998324
0.030036 -0.998968 -0.034055
0.998404 0.031615 -0.046800
0.047828 -0.032595 0.998324
0.998404 0.031615 -0.046800
-0.030036 0.998968 0.034055
-0.047828 0.032595 -0.998324
-0.998404 -0.031615 0.046800
-0.030036 0.998968 0.034055
-0.047828 0.032595 -0.998324
0.030036 -0.998968 -0.034055
-0.998404 -0.031615 0.046800
-0.047828 0.032595 -0.998324
0.998404 0.031615 -0.046800
0.030036 -0.998968 -0.034055
-0.047828 0.032595 -0.998324
-0.030036 0.998968 0.034055
0.998404 0.031615 -0.046800
0.570683 -0.258289 0.779492
-0.223926 0.864322 0.450338
-0.790050 -0.431548 0.435416
0.570683 -0.258289 0.779492
-0.790050 -0.431548 0.435416
0.223926 -0.864322 -0.450338
0.570683 -0.258289 0.779492
0.223926 -0.864322 -0.450338
0.790050 0.431548 -0.435416
0.570683 -0.258289 0.779492
0.790050 0.431548 -0.435416
-0.223926 0.864322 0.450338
-0.570683 0.258288 -0.779492
-0.790050 -0.431548 0.435416
-0.223926 0.864322 0.450338
-0.570683 0.258288 -0.779492
0.223926 -0.864322 -0.450338
-0.790050 -0.431548 0.435416
-0.570683 0.258288 -0.779492
0.790050 0.431548 -0.435416
0.223926 -0.864322 -0.450338
-0.570683 0.258288 -0.779492
-0.223926 0.864322 0.450338
0.790050 0.431548 -0.435416
-0.410965 0.410700 0.813900
0.392544 0.885493 -0.248617
-0.822810 0.217320 -0.525125
-0.410965 0.410700 0.813900
-0.822810 0.217320 -0.525125
-0.392545 -0.885493 0.248617
-0.410965 0.410700 0.813900
-0.392545 -0.885493 0.248617
0.822810 -0.217320 0.525124
-0.410965 0.410700 0.813900
0.822810 -0.217320 0.525124
0.392544 0.885493 -0.248617
0.410965 -0.410700 -0.813900
-0.822810 0.217320 -0.525125
0.392544 0.885493 -0.248617
0.410965 -0.410700 -0.813900
-0.392545 -0.885493 0.248617
-0.822810 0.217320 -0.525125
0.410965 -0.410700 -0.813900
0.822810 -0.217320 0.525124
-0.392545 -0.885493 0.248617
0.410965 -0.410700 -0.813900
0.392544 0.885493 -0.248617
0.822810 -0.217320 0.525124
0.047828 -0.032595 0.998324
-0.030037 0.998969 0.034055
-0.998404 -0.031615 0.046799
0.047828 -0.032595 0.998324
-0.998404 -0.031615 0.046799
0.030035 -0.998969 -0.034055
0.047828 -0.032595 0.998324
0.030035 -0.998969 -0.034055
0.998404 0.031615 -0.046799
0.047828 -0.032595 0.998324
0.998404 0.031615 -0.046799
-0.030037 0.998969 0.034055
-0.047828 0.032595 -0.998324
-0.998404 -0.031615 0.046799
-0.030037 0.998969 0.034055
-0.047828 0.032595 -0.998324
0.030035 -0.998969 -0.034055
-0.998404 -0.031615 0.046799
-0.047828 0.032595 -0.998324
0.998404 0.031615 -0.046799
0.030035 -0.998969 -0.034055
-0.047828 0.032595 -0.998324
-0.030037 0.998969 0.034055
0.998404 0.031615 -0.046799
0.570682 -0.258291 0.779492
-0.223925 0.864322 0.450339
-0.790051 -0.431549 0.435414
0.570682 -0.258291 0.779492
-0.790051 -0.431549 0.435414
0.223926 -0.864322 -0.450338
0.570682 -0.258291 0.779492
0.223926 -0.864322 -0.450338
0.790050 0.431548 -0.435416
0.570682 -0.258291 0.779492
0.790050 0.431548 -0.435416
-0.223925 0.864322 0.450339
-0.570682 0.258289 -0.779493
-0.790051 -0.431549 0.435414
-0.223925 0.864322 0.450339
-0.570682 0.258289 -0.779493
0.223926 -0.864322 -0.450338
-0.790051 -0.431549 0.435414
-0.570682 0.258289 -0.779493
0.790050 0.431548 -0.435416
0.223926 -0.864322 -0.450338
-0.570682 0.258289 -0.779493
-0.223925 0.864322 0.450339
0.790050 0.431548 -0.435416
-0.000001 0.000000 1.000000
-0.000000 1.000000 -0.000001
-1.000000 0.000000 -0.000001
-0.000001 0.000000 1.000000
-1.000000 0.000000 -0.000001
-0.000000 -1.000000 -0.000001
-0.000001 0.000000 1.000000
-0.000000 -1.000000 -0.000001
1.000000 0.000000 0.000002
-0.000001 0.000000 1.000000
1.000000 0.000000 0.000002
-0.000000 1.000000 -0.000001
0.000002 0.000000 -1.000000
-1.000000 0.000000 -0.000001
-0.000000 1.000000 -0.000001
0.000002 0.000000 -1.000000
-0.000000 -1.000000 -0.000001
-1.000000 0.000000 -0.000001
0.000002 0.000000 -1.000000
1.000000 0.000000 0.000002
-0.000000 -1.000000 -0.000001
0.000002 0.000000 -1.000000
-0.000000 1.000000 -0.000001
1.000000 0.000000 0.000002
-0.000000 -0.000001 1.000000
-0.000000 1.000000 0.000001
-1.000000 0.000000 -0.000001
-0.000000 -0.000001 1.000000
-1.000000 0.000000 -0.000001
-0.000001 -1.000000 -0.000001
-0.000000 -0.000001 1.000000
-0.000001 -1.000000 -0.000001
1.000000 -0.000000 -0.000001
-0.000000 -0.000001 1.000000
1.000000 -0.000000 -0.000001
-0.000000 1.000000 0.000001
-0.000000 0.000001 -1.000000
-1.000000 0.000000 -0.000001
-0.000000 1.000000 0.000001
-0.000000 0.000001 -1.000000
-0.000001 -1.000000 -0.000001
-1.000000 0.000000 -0.000001
-0.000000 0.000001 -1.000000
1.000000 -0.000000 -0.000001
-0.000001 -1.000000 -0.000001
-0.000000 0.000001 -1.000000
-0.000000 1.000000 0.000001
1.000000 -0.000000 -0.000001
</float_array>
          <technique_common>
            <accessor source="#apple23-lib-Normal0-array" count="288" stride="3">
              <param name="X" type="float"/>
              <param name="Y" type="float"/>
              <param name="Z" type="float"/>
            </accessor>
          </technique_common>
        </source>
        <source id="apple23-lib-UV0">
          <float_array id="apple23-lib-UV0-array" count="576">
0.821118 0.073037
0.824312 0.074809
0.823686 0.073233
0.823059 0.075005
1.004694 0.002930
0.749965 0.010517
0.822033 0.001354
0.821407 0.003322
0.818212 0.148460
0.818212 0.004703
0.749965 0.154274
0.822033 0.145112
0.821407 0.147080
0.998595 0.076581
1.004694 0.146688
1.001500 0.001158
1.001500 0.144916
1.004068 0.001354
1.004068 0.145112
1.003442 0.146884
1.003442 0.003126
0.930347 0.082396
1.002415 0.073233
1.001789 0.075201
0.821118 0.073037
0.824312 0.074809
0.823686 0.073233
0.823059 0.075005
1.004694 0.002930
0.749965 0.010517
0.822033 0.001354
0.821407 0.003322
0.818212 0.148460
0.818212 0.004703
0.749965 0.154274
0.822033 0.145112
0.821407 0.147080
0.998595 0.076581
1.004694 0.146688
1.001500 0.001158
1.001500 0.144916
1.004068 0.001354
1.004068 0.145112
1.003442 0.146884
1.003442 0.003126
0.930347 0.082396
1.002415 0.073233
1.001789 0.075201
0.821118 0.073037
0.824312 0.074809
0.823686 0.073233
0.823059 0.075005
1.004694 0.002930
0.749965 0.010517
0.822033 0.001354
0.821407 0.003322
0.818212 0.148460
0.818212 0.004703
0.749965 0.154274
0.822033 0.145112
0.821407 0.147080
0.998595 0.076581
1.004694 0.146688
1.001500 0.001158
1.001500 0.144916
1.004068 0.001354
1.004068 0.145112
1.003442 0.146884
1.003442 0.003126
0.930347 0.082396
1.002415 0.073233
1.001789 0.075201
0.821118 0.073037
0.824312 0.074809
0.823686 0.073233
0.823059 0.075005
1.004694 0.002930
0.749965 0.010517
0.822033 0.001354
0.821407 0.003322
0.818212 0.148460
0.818212 0.004703
0.749965 0.154274
0.822033 0.145112
0.821407 0.147080
0.998595 0.076581
1.004694 0.146688
1.001500 0.001158
1.001500 0.144916
1.004068 0.001354
1.004068 0.145112
1.003442 0.146884
1.003442 0.003126
0.930347 0.082396
1.002415 0.073233
1.001789 0.075201
0.821118 0.073037
0.824312 0.074809
0.823686 0.073233
0.823059 0.075005
1.004694 0.002930
0.749965 0.010517
0.822033 0.001354
0.821407 0.003322
0.818212 0.148460
0.818212 0.004703
0.749965 0.154274
0.822033 0.145112
0.821407 0.147080
0.998595 0.076581
1.004694 0.146688
1.001500 0.001158
1.001500 0.144916
1.004068 0.001354
1.004068 0.145112
1.003442 0.146884
1.003442 0.003126
0.930347 0.082396
1.002415 0.073233
1.001789 0.075201
0.821118 0.073037
0.824312 0.074809
0.823686 0.073233
0.823059 0.075005
1.004694 0.002930
0.749965 0.010517
0.822033 0.001354
0.821407 0.003322
0.818212 0.148460
0.818212 0.004703
0.749965 0.154274
0.822033 0.145112
0.821407 0.147080
0.998595 0.076581
1.004694 0.146688
1.001500 0.001158
1.001500 0.144916
1.004068 0.001354
1.004068 0.145112
1.003442 0.146884
1.003442 0.003126
0.930347 0.082396
1.002415 0.073233
1.001789 0.075201
0.821118 0.073037
0.824312 0.074809
0.823686 0.073233
0.823059 0.075005
1.004694 0.002930
0.749965 0.010517
0.822033 0.001354
0.821407 0.003322
0.818212 0.148460
0.818212 0.004703
0.749965 0.154274
0.822033 0.145112
0.821407 0.147080
0.998595 0.076581
1.004694 0.146688
1.001500 0.001158
1.001500 0.144916
1.004068 0.001354
1.004068 0.145112
1.003442 0.146884
1.003442 0.003126
0.930347 0.082396
1.002415 0.073233
1.001789 0.075201
0.821118 0.073037
0.824312 0.074809
0.823686 0.073233
0.823059 0.075005
1.004694 0.002930
0.749965 0.010517
0.822033 0.001354
0.821407 0.003322
0.818212 0.148460
0.818212 0.004703
0.749965 0.154274
0.822033 0.145112
0.821407 0.147080
0.998595 0.076581
1.004694 0.146688
1.001500 0.001158
1.001500 0.144916
1.004068 0.001354
1.004068 0.145112
1.003442 0.146884
1.003442 0.003126
0.930347 0.082396
1.002415 0.073233
1.001789 0.075201
0.821118 0.073037
0.824312 0.074809
0.823686 0.073233
0.823059 0.075005
1.004694 0.002930
0.749965 0.010517
0.822033 0.001354
0.821407 0.003322
0.818212 0.148460
0.818212 0.004703
0.749965 0.154274
0.822033 0.145112
0.821407 0.147080
0.998595 0.076581
1.004694 0.146688
1.001500 0.001158
1.001500 0.144916
1.004068 0.001354
1.004068 0.145112
1.003442 0.146884
1.003442 0.003126
0.930347 0.082396
1.002415 0.073233
1.001789 0.075201
0.821118 0.073037
0.824312 0.074809
0.823686 0.073233
0.823059 0.075005
1.004694 0.002930
0.749965 0.010517
0.822033 0.001354
0.821407 0.003322
0.818212 0.148460
0.818212 0.004703
0.749965 0.154274
0.822033 0.145112
0.821407 0.147080
0.998595 0.076581
1.004694 0.146688
1.001500 0.001158
1.001500 0.144916
1.004068 0.001354
1.004068 0.145112
1.003442 0.146884
1.003442 0.003126
0.930347 0.082396
1.002415 0.073233
1.001789 0.075201
0.821118 0.073037
0.824312 0.074809
0.823686 0.073233
0.823059 0.075005
1.004694 0.002930
0.749965 0.010517
0.822033 0.001354
0.821407 0.003322
0.818212 0.148460
0.818212 0.004703
0.749965 0.154274
0.822033 0.145112
0.821407 0.147080
0.998595 0.076581
1.004694 0.146688
1.001500 0.001158
1.001500 0.144916
1.004068 0.001354
1.004068 0.145112
1.003442 0.146884
1.003442 0.003126
0.930347 0.082396
1.002415 0.073233
1.001789 0.075201
0.821118 0.073037
0.824312 0.074809
0.823686 0.073233
0.823059 0.075005
1.004694 0.002930
0.749965 0.010517
0.822033 0.001354
0.821407 0.003322
0.818212 0.148460
0.818212 0.004703
0.749965 0.154274
0.822033 0.145112
0.821407 0.147080
0.998595 0.076581
1.004694 0.146688
1.001500 0.001158
1.001500 0.144916
1.004068 0.001354
1.004068 0.145112
1.003442 0.146884
1.003442 0.003126
0.930347 0.082396
1.002415 0.073233
1.001789 0.075201
</float_array>
          <technique_common>
            <accessor source="#apple23-lib-UV0-array" count="288" stride="2">
              <param name="S" type="float"/>
              <param name="T" type="float"/>
            </accessor>
          </technique_common>
        </source>
        <vertices id="apple23-lib-Vertex">
          <input semantic="POSITION" source="#apple23-lib-Position"/>
        </vertices>
        <polygons material="_01___Default" count="96">
          <input semantic="VERTEX" offset="0" source="#apple23-lib-Vertex"/>
          <input semantic="NORMAL" offset="1" source="#apple23-lib-Normal0"/>
          <input semantic="TEXCOORD" offset="2" set="0" source="#apple23-lib-UV0"/>
          <p>0 0 0 1 1 15 2 2 16</p>
          <p>0 3 1 2 4 4 3 5 14</p>
          <p>0 6 2 3 7 17 4 8 18</p>
          <p>0 9 3 4 10 20 1 11 19</p>
          <p>5 12 21 2 13 10 1 14 5</p>
          <p>5 15 22 3 16 11 2 17 6</p>
          <p>5 18 23 4 19 12 3 20 7</p>
          <p>5 21 13 1 22 8 4 23 9</p>
          <p>6 24 24 7 25 39 8 26 40</p>
          <p>6 27 25 8 28 28 9 29 38</p>
          <p>6 30 26 9 31 41 10 32 42</p>
          <p>6 33 27 10 34 44 7 35 43</p>
          <p>11 36 45 8 37 34 7 38 29</p>
          <p>11 39 46 9 40 35 8 41 30</p>
          <p>11 42 47 10 43 36 9 44 31</p>
          <p>11 45 37 7 46 32 10 47 33</p>
          <p>12 48 48 13 49 63 14 50 64</p>
          <p>12 51 49 14 52 52 15 53 62</p>
          <p>12 54 50 15 55 65 16 56 66</p>
          <p>12 57 51 16 58 68 13 59 67</p>
          <p>17 60 69 14 61 58 13 62 53</p>
          <p>17 63 70 15 64 59 14 65 54</p>
          <p>17 66 71 16 67 60 15 68 55</p>
          <p>17 69 61 13 70 56 16 71 57</p>
          <p>18 72 72 19 73 87 20 74 88</p>
          <p>18 75 73 20 76 76 21 77 86</p>
          <p>18 78 74 21 79 89 22 80 90</p>
          <p>18 81 75 22 82 92 19 83 91</p>
          <p>23 84 93 20 85 82 19 86 77</p>
          <p>23 87 94 21 88 83 20 89 78</p>
          <p>23 90 95 22 91 84 21 92 79</p>
          <p>23 93 85 19 94 80 22 95 81</p>
          <p>24 96 96 25 97 111 26 98 112</p>
          <p>24 99 97 26 100 100 27 101 110</p>
          <p>24 102 98 27 103 113 28 104 114</p>
          <p>24 105 99 28 106 116 25 107 115</p>
          <p>29 108 117 26 109 106 25 110 101</p>
          <p>29 111 118 27 112 107 26 113 102</p>
          <p>29 114 119 28 115 108 27 116 103</p>
          <p>29 117 109 25 118 104 28 119 105</p>
          <p>30 120 120 31 121 135 32 122 136</p>
          <p>30 123 121 32 124 124 33 125 134</p>
          <p>30 126 122 33 127 137 34 128 138</p>
          <p>30 129 123 34 130 140 31 131 139</p>
          <p>35 132 141 32 133 130 31 134 125</p>
          <p>35 135 142 33 136 131 32 137 126</p>
          <p>35 138 143 34 139 132 33 140 127</p>
          <p>35 141 133 31 142 128 34 143 129</p>
          <p>36 144 144 37 145 159 38 146 160</p>
          <p>36 147 145 38 148 148 39 149 158</p>
          <p>36 150 146 39 151 161 40 152 162</p>
          <p>36 153 147 40 154 164 37 155 163</p>
          <p>41 156 165 38 157 154 37 158 149</p>
          <p>41 159 166 39 160 155 38 161 150</p>
          <p>41 162 167 40 163 156 39 164 151</p>
          <p>41 165 157 37 166 152 40 167 153</p>
          <p>42 168 168 43 169 183 44 170 184</p>
          <p>42 171 169 44 172 172 45 173 182</p>
          <p>42 174 170 45 175 185 46 176 186</p>
          <p>42 177 171 46 178 188 43 179 187</p>
          <p>47 180 189 44 181 178 43 182 173</p>
          <p>47 183 190 45 184 179 44 185 174</p>
          <p>47 186 191 46 187 180 45 188 175</p>
          <p>47 189 181 43 190 176 46 191 177</p>
          <p>48 192 192 49 193 207 50 194 208</p>
          <p>48 195 193 50 196 196 51 197 206</p>
          <p>48 198 194 51 199 209 52 200 210</p>
          <p>48 201 195 52 202 212 49 203 211</p>
          <p>53 204 213 50 205 202 49 206 197</p>
          <p>53 207 214 51 208 203 50 209 198</p>
          <p>53 210 215 52 211 204 51 212 199</p>
          <p>53 213 205 49 214 200 52 215 201</p>
          <p>54 216 216 55 217 231 56 218 232</p>
          <p>54 219 217 56 220 220 57 221 230</p>
          <p>54 222 218 57 223 233 58 224 234</p>
          <p>54 225 219 58 226 236 55 227 235</p>
          <p>59 228 237 56 229 226 55 230 221</p>
          <p>59 231 238 57 232 227 56 233 222</p>
          <p>59 234 239 58 235 228 57 236 223</p>
          <p>59 237 229 55 238 224 58 239 225</p>
          <p>60 240 240 61 241 255 62 242 256</p>
          <p>60 243 241 62 244 244 63 245 254</p>
          <p>60 246 242 63 247 257 64 248 258</p>
          <p>60 249 243 64 250 260 61 251 259</p>
          <p>65 252 261 62 253 250 61 254 245</p>
          <p>65 255 262 63 256 251 62 257 246</p>
          <p>65 258 263 64 259 252 63 260 247</p>
          <p>65 261 253 61 262 248 64 263 249</p>
          <p>66 264 264 67 265 279 68 266 280</p>
          <p>66 267 265 68 268 268 69 269 278</p>
          <p>66 270 266 69 271 281 70 272 282</p>
          <p>66 273 267 70 274 284 67 275 283</p>
          <p>71 276 285 68 277 274 67 278 269</p>
          <p>71 279 286 69 280 275 68 281 270</p>
          <p>71 282 287 70 283 276 69 284 271</p>
          <p>71 285 277 67 286 272 70 287 273</p>
        </polygons>
      </mesh>
    </geometry>
  </library_geometries>
  <library_visual_scenes>
    <visual_scene id="RootNode" name="RootNode">
      <node id="apple23" name="apple23">
        <translate sid="translate">-3.346371 3.739239 0.147652</translate>
        <rotate sid="rotateZ">0 0 1 -173.626838</rotate>
        <rotate sid="rotateY">0 1 0 -30.546409</rotate>
        <rotate sid="rotateX">1 0 0 56.915736</rotate>
        <scale sid="scale">0.054943 0.054943 0.054943</scale>
        <instance_geometry url="#apple23-lib">
          <bind_material>
            <technique_common>
              <instance_material symbol="_01___Default" target="#_01___Default"/>
            </technique_common>
          </bind_material>
        </instance_geometry>
      </node>
    </visual_scene>
  </library_visual_scenes>
  <scene>
    <instance_visual_scene url="#RootNode"/>
  </scene>
</COLLADA>

