<?xml version="1.0" encoding="utf-8"?>
<COLLADA xmlns="http://www.collada.org/2005/11/COLLADASchema" version="1.4.1" xmlns:xsi="http://www.w3.org/2001/XMLSchema-instance">
  <asset>
    <contributor>
      <author>Blender User</author>
      <authoring_tool>Blender 2.80.75 commit date:2019-07-29, commit time:14:47, hash:f6cb5f54494e</authoring_tool>
    </contributor>
    <created>2019-10-05T09:08:13</created>
    <modified>2019-10-05T09:08:13</modified>
    <unit name="meter" meter="1"/>
    <up_axis>Z_UP</up_axis>
  </asset>
  <library_effects/>
  <library_images/>
  <library_geometries>
    <geometry id="Cylinder_001_Cylinder_004-mesh" name="Cylinder.001_Cylinder.004">
      <mesh>
        <source id="Cylinder_001_Cylinder_004-mesh-positions">
          <float_array id="Cylinder_001_Cylinder_004-mesh-positions-array" count="132">-5.07711e-4 -0.4090098 5.296334 -5.07711e-4 0.2957084 5.586512 -5.07711e-4 -0.9375483 5.01652 -5.07711e-4 1.083335 5.151245 -5.07711e-4 -0.08774113 5.534694 -5.07711e-4 0.6895214 5.410333 -0.4490551 0.9952117 4.915044 -0.5930831 0.3735497 5.204242 -0.4216914 -0.9863412 4.747181 -0.5346589 -0.3395907 4.977586 -0.7619051 -0.3395917 4.070865 -0.8988922 0.3735499 4.254304 0.4768998 0.9952086 4.915044 0.926737 0.3735477 4.254304 0.789751 -0.3395938 4.070865 0.6209291 0.3735476 5.204241 0.5625047 -0.339594 4.977586 0.4495373 -0.9863434 4.747181 0.892382 0.9313006 4.184061 -0.5148942 1.072736 4.756001 0.5501914 1.071349 4.75493 -0.3772013 1.120559 4.903077 -0.6744868 -0.3171237 3.658636 0.4004214 1.120558 4.903077 -5.07711e-4 -1.102773 4.989482 -0.4841349 1.098857 4.831485 0.773616 -0.6363738 3.919335 0.7346085 -0.1066597 3.820502 -0.7067628 -0.1066583 3.820503 -5.07711e-4 1.181975 5.107077 0.784704 -0.6756659 3.993054 -0.8580234 0.9176239 3.927948 0.8152526 0.3735473 3.980068 -0.8109142 0.3735499 3.907997 -0.8520763 0.9292424 4.185354 -0.7574127 -0.6754453 3.992471 0.5183005 1.09947 4.832231 -0.7473175 -0.6366836 3.918648 0.7023323 -0.3171259 3.658635 0.8715803 0.9053795 3.81395 0.6763937 -0.5153093 3.544682 -0.6469725 -0.5147083 3.545348 0.7959707 0.1312706 3.950891 -0.7908057 0.1211276 3.882565</float_array>
          <technique_common>
            <accessor source="#Cylinder_001_Cylinder_004-mesh-positions-array" count="44" stride="3">
              <param name="X" type="float"/>
              <param name="Y" type="float"/>
              <param name="Z" type="float"/>
            </accessor>
          </technique_common>
        </source>
        <source id="Cylinder_001_Cylinder_004-mesh-normals">
          <float_array id="Cylinder_001_Cylinder_004-mesh-normals-array" count="132">-0.01431369 0.4477536 0.8940424 -0.01333689 0.4838523 0.8750481 -0.7029591 0.3425526 0.6233028 -0.01004087 0.1409997 0.9899588 -0.01077318 -0.4242137 0.905498 -0.7676106 0.1059005 0.6321069 -0.01141405 -0.4711198 0.8819954 -0.5150176 0.3691036 0.7736403 -0.773262 -0.2993311 0.5589875 -0.7385873 -0.2943546 0.6065017 -0.01364201 -0.3268904 0.9449639 -0.9922746 -0.120948 0.02761995 -0.9858366 -0.05050951 0.1599215 -0.9596708 0.1158502 0.2561461 -0.9942126 -0.02926754 0.1033673 -0.9838413 0.02993911 -0.1765219 0.9940275 -0.1069073 0.02191245 0.9866022 -0.05069279 0.1550693 0.9830713 0.02899283 -0.1809154 0.7605767 0.1042851 0.6408181 0.7658802 -0.3018658 0.5677189 0.9973505 -0.04480141 0.05731403 0.6886749 0.3387676 0.6410643 0.9698057 0.09061121 0.2264212 0.7285223 -0.2976531 0.6169748 -0.01303142 -0.1614743 0.9867909 0.4853122 0.3716597 0.7914172 -0.01355034 0.408617 0.9126054 -0.9966863 0.02932864 -0.07586997 0.8796238 0.1207949 0.4600766 0.8217407 0.1167375 0.5577765 0.9193854 -0.1226865 -0.3737359 0.9868889 -0.02908444 -0.1587592 -0.9737664 0.02325534 -0.2263586 0.9746311 0.02295041 -0.2226377 0.9665901 -0.04281777 -0.2527258 -0.9394776 -0.1217722 -0.3202397 -0.9672936 -0.06289923 -0.2457374 -0.8341477 0.1463695 0.5317646 -0.8824291 0.1589739 0.442771 0.9402866 -0.07883024 -0.3311298 -0.9592788 -0.1333993 -0.2489754 -0.9666349 0.01208555 -0.255873 0.9690039 0.0149542 -0.2465922</float_array>
          <technique_common>
            <accessor source="#Cylinder_001_Cylinder_004-mesh-normals-array" count="44" stride="3">
              <param name="X" type="float"/>
              <param name="Y" type="float"/>
              <param name="Z" type="float"/>
            </accessor>
          </technique_common>
        </source>
        <source id="Cylinder_001_Cylinder_004-mesh-map-0">
          <float_array id="Cylinder_001_Cylinder_004-mesh-map-0-array" count="348">0.7502221 0.5 0.9633361 0.5 0.9366959 0.6808419 0.6011297 0.5 0.7502221 0.5 0.9366959 0.6808419 0.4665824 0.5 0.6011297 0.5 0.6339305 0.667537 0.309184 0.5 0.4665824 0.5 0.6339305 0.667537 0.9633361 0.5 0.9999999 0.6411186 0.9366959 0.6808419 0.3217582 0.654799 0 0.651945 0.09197354 0.5 0.309184 0.5 0.3217582 0.654799 0.09197354 0.5 0.2062753 0.8851345 0 0.8476126 0 0.651945 0.3217582 0.654799 0.2062753 0.8851345 0 0.651945 0.6339305 0.667537 0.6011297 0.5 0.9366959 0.6808419 0.9366959 0.6808419 0.9993098 0.8650636 0.6776495 0.8887894 0.6776495 0.8887894 0.6339305 0.667537 0.9366959 0.6808419 0.3217582 0.654799 0.6776495 0.8887894 0.2062753 0.8851345 0.3217582 0.654799 0.6339305 0.667537 0.6776495 0.8887894 0.6339305 0.667537 0.3217582 0.654799 0.309184 0.5 0.2062753 0.8851345 1.19209e-7 0.8678985 0 0.8476126 0.2062753 0.1148655 0 0.1523874 1.19209e-7 0.1321014 0.6339305 0.332463 0.309184 0.5 0.3217582 0.345201 0.3217582 0.345201 0.6776495 0.1112105 0.6339305 0.332463 0.3217582 0.345201 0.2062753 0.1148655 0.6776495 0.1112105 0.6776495 0.1112105 0.9366959 0.3191581 0.6339305 0.332463 0.9993098 0.1349364 0.9366959 0.3191581 0.6776495 0.1112105 0.6339305 0.332463 0.9366959 0.3191581 0.6011297 0.5 0.3217582 0.345201 0 0.348055 0.2062753 0.1148655 0.2062753 0.1148655 0 0.348055 0 0.1523874 0.309184 0.5 0.09197354 0.5 0.3217582 0.345201 0.3217582 0.345201 0.09197354 0.5 0 0.348055 0.09197354 0.5 0 0.5 0 0.348055 0.9633361 0.5 0.9999999 0.3588814 0.9999999 0.5 0.309184 0.5 0.6339305 0.332463 0.4665824 0.5 0.4665824 0.5 0.6339305 0.332463 0.6011297 0.5 0.6011297 0.5 0.9366959 0.3191581 0.7502221 0.5 0.7502221 0.5 0.9366959 0.3191581 0.9633361 0.5 0.9993098 0.8650636 0.9999998 1 0.6776495 0.8887894 0.9999998 0.2873439 0.9999998 0.3211534 0.9366959 0.3191581 0.7175279 0 0.9999998 0 0.6776495 0.1112105 0.1028945 0.9999999 1.19209e-7 0.8678985 0.2062753 0.8851345 0.1028945 1.19209e-7 0.2460568 1.19209e-7 0.2062753 0.1148655 0.2460568 0.9999999 0.1028945 0.9999999 0.2062753 0.8851345 0.9999998 1 0.7175279 1 0.6776495 0.8887894 0.9999998 0.6788467 0.9999998 0.7126561 0.9366959 0.6808419 0.9999998 0 0.9993098 0.1349364 0.6776495 0.1112105 0.4210347 1.19209e-7 0.6776495 0.1112105 0.2062753 0.1148655 0.4210347 0.9999999 0.2062753 0.8851345 0.6776495 0.8887894 0.9366959 0.6808419 0.9999999 0.6411186 0.9999998 0.6788467 0.9366959 0.3191581 0.9999998 0.3211534 0.9999999 0.3588814 0 0.651945 0 0.5 0.09197354 0.5 1.19209e-7 0.1321014 0.1028945 1.19209e-7 0.2062753 0.1148655 0.9633361 0.5 0.9999999 0.5 0.9999999 0.6411186 0.9366959 0.6808419 0.9999998 0.7126561 0.9993098 0.8650636 0.9993098 0.1349364 0.9999998 0.2873439 0.9366959 0.3191581 0.9633361 0.5 0.9366959 0.3191581 0.9999999 0.3588814 0.1028945 0.9999999 0 0.9999999 1.19209e-7 0.8678985 0.2062753 0.1148655 0.2460568 1.19209e-7 0.4210347 1.19209e-7 0.4210347 1.19209e-7 0.7175279 0 0.6776495 0.1112105 0.6776495 0.8887894 0.7175279 1 0.4210347 0.9999999 0.4210347 0.9999999 0.2460568 0.9999999 0.2062753 0.8851345 1.19209e-7 0.1321014 0 1.19209e-7 0.1028945 1.19209e-7</float_array>
          <technique_common>
            <accessor source="#Cylinder_001_Cylinder_004-mesh-map-0-array" count="174" stride="2">
              <param name="S" type="float"/>
              <param name="T" type="float"/>
            </accessor>
          </technique_common>
        </source>
        <vertices id="Cylinder_001_Cylinder_004-mesh-vertices">
          <input semantic="POSITION" source="#Cylinder_001_Cylinder_004-mesh-positions"/>
        </vertices>
        <triangles count="58">
          <input semantic="VERTEX" source="#Cylinder_001_Cylinder_004-mesh-vertices" offset="0"/>
          <input semantic="NORMAL" source="#Cylinder_001_Cylinder_004-mesh-normals" offset="1"/>
          <input semantic="TEXCOORD" source="#Cylinder_001_Cylinder_004-mesh-map-0" offset="2" set="0"/>
          <p>5 0 0 3 1 1 6 2 2 1 3 3 5 0 4 6 2 5 4 4 6 1 3 7 7 5 8 0 6 9 4 4 10 7 5 11 3 1 12 21 7 13 6 2 14 9 8 15 8 9 16 2 10 17 0 6 18 9 8 19 2 10 20 10 11 21 35 12 22 8 9 23 9 8 24 10 11 25 8 9 26 7 5 27 1 3 28 6 2 29 6 2 30 34 13 31 11 14 32 11 14 33 7 5 34 6 2 35 9 8 36 11 14 37 10 11 38 9 8 39 7 5 40 11 14 41 7 5 42 9 8 43 0 6 44 10 11 45 37 15 46 35 12 47 14 16 48 30 17 49 26 18 50 15 19 51 0 6 52 16 20 53 16 20 54 13 21 55 15 19 56 16 20 57 14 16 58 13 21 59 13 21 60 12 22 61 15 19 62 18 23 63 12 22 64 13 21 65 15 19 66 12 22 67 1 3 68 16 20 69 17 24 70 14 16 71 14 16 72 17 24 73 30 17 74 0 6 75 2 10 76 16 20 77 16 20 78 2 10 79 17 24 80 2 10 81 24 25 82 17 24 83 3 1 84 23 26 85 29 27 86 0 6 87 15 19 88 4 4 89 4 4 90 15 19 91 1 3 92 1 3 93 12 22 94 5 0 95 5 0 96 12 22 97 3 1 98 34 13 99 31 28 100 11 14 101 20 29 102 36 30 103 12 22 104 32 31 105 39 32 106 13 21 107 22 33 108 37 15 109 10 11 110 38 34 111 27 35 112 14 16 113 28 36 114 22 33 115 10 11 116 31 28 117 33 37 118 11 14 119 25 38 120 19 39 121 6 2 122 39 32 123 18 23 124 13 21 125 42 40 126 13 21 127 14 16 128 43 41 129 10 11 130 11 14 131 6 2 132 21 7 133 25 38 134 12 22 135 36 30 136 23 26 137 8 9 138 24 25 139 2 10 140 26 18 141 38 34 142 14 16 143 3 1 144 29 27 145 21 7 146 6 2 147 19 39 148 34 13 149 18 23 150 20 29 151 12 22 152 3 1 153 12 22 154 23 26 155 22 33 156 41 42 157 37 15 158 14 16 159 27 35 160 42 40 161 42 40 162 32 31 163 13 21 164 11 14 165 33 37 166 43 41 167 43 41 168 28 36 169 10 11 170 26 18 171 40 43 172 38 34 173</p>
        </triangles>
      </mesh>
    </geometry>
  </library_geometries>
  <library_controllers>
    <controller id="Camelus_Camel_001-skin" name="Camelus">
      <skin source="#Cylinder_001_Cylinder_004-mesh">
        <bind_shape_matrix>1 0 0 0 0 1 0 0 0 0 1 0 0 0 0 1</bind_shape_matrix>
        <source id="Camelus_Camel_001-skin-joints">
          <Name_array id="Camelus_Camel_001-skin-joints-array" count="36">Camelus_Pelvis Camelus_Spine Camelus_Spine1 Camelus_Neck Camelus_Neck1 Camelus_Neck2 Camelus_Head Camelus_Bot_Jaw_1 Camelus_Bot_Jaw_2 Camelus_Top_Jaw Camelus_Top_Jaw_R Camelus_Top_Jaw_L Camelus_R_Clavicle Camelus_R_Forearm Camelus_R_Hand Camelus_R_Wrist Camelus_R_Finger0 Camelus_L_Clavicle Camelus_L_Forearm Camelus_L_Hand Camelus_L_Wrist Camelus_L_Finger0 Camelus_Tail Camelus_Tail1 Camelus_Tail2 Camelus_L_Thigh Camelus_L_Leg Camelus_L_Foot Camelus_L_Ankle Camelus_L_Toe0 Camelus_R_Thigh Camelus_R_Leg Camelus_R_Foot Camelus_R_Ankle Camelus_R_Toe0 Camelus_Root</Name_array>
          <technique_common>
            <accessor source="#Camelus_Camel_001-skin-joints-array" count="36" stride="1">
              <param name="JOINT" type="name"/>
            </accessor>
          </technique_common>
        </source>
        <source id="Camelus_Camel_001-skin-bind_poses">
          <float_array id="Camelus_Camel_001-skin-bind_poses-array" count="576">1 -2.07182e-7 0 8.17478e-7 0 0.4948385 -0.8689849 3.357478 2.38419e-7 0.8689849 0.4948386 -3.461048 0 0 0 1 1 -4.76276e-7 0 3.17721e-7 0 0.04848641 -0.9988238 4.783032 4.76837e-7 0.9988238 0.04848653 -0.6824584 0 0 0 1 1 -2.46481e-7 0 0 0 0.1044814 -0.9945268 4.800869 2.46854e-7 0.9945268 0.1044815 0.07972353 0 0 0 1 -1 -2.19373e-7 -1.75684e-5 6.79313e-5 0 -0.999919 0.01272833 -2.082405 -1.75697e-5 0.01272839 0.999919 -3.864374 0 0 0 1 -1 3.28794e-7 1.68473e-7 3.15314e-7 0 -0.4844001 0.8748465 -4.81249 3.6925e-7 0.8748465 0.4844002 0.6373478 0 0 0 1 -1 3.14462e-7 0 5.06541e-7 0 -0.3293024 0.9442243 -5.442194 3.35406e-7 0.9442244 0.3293025 1.581503 0 0 0 1 -1 3.40829e-7 1.76117e-6 -8.38289e-6 0 -0.9794213 0.2018263 -4.609394 1.79372e-6 0.2018265 0.9794211 -4.628545 0 0 0 1 -1 -6.95013e-6 8.2906e-6 -7.44769e-5 0 -0.7662932 -0.6424906 0.4433608 1.08184e-5 -0.6424906 0.7662932 -6.888099 0 0 0 1 -1 -1.67205e-7 8.34245e-7 -5.17314e-6 0 -0.9808472 -0.1947772 -3.15908 8.5083e-7 -0.1947772 0.9808472 -6.123465 0 0 0 1 -1 -3.05215e-6 1.13699e-5 -7.5719e-5 0 -0.9657995 -0.2592899 -2.49802 1.17724e-5 -0.2592899 0.9657993 -6.435516 0 0 0 1 -0.9848078 -0.1736478 -5.49862e-7 -0.9394744 0.1736478 -0.9848078 0 -4.299738 -5.31961e-7 0 0.9999998 -5.465588 0 0 0 1 -0.9848077 0.1736478 0 0.9341758 -0.1736477 -0.9848078 -1.3699e-7 -4.301876 0 0 0.9999997 -5.465587 0 0 0 1 -0.9999638 -0.007655918 0.003708302 -0.6511591 -0.002832412 -0.1114037 -0.9937711 3.766142 0.008021354 -0.9937457 0.1113778 -1.501431 0 0 0 1 -1 6.04956e-7 0 -0.6310414 0 0.07230108 -0.9973828 3.071449 -6.03826e-7 -0.9973828 -0.0723012 -0.960862 0 0 0 1 1 -2.174e-7 0 0.6310418 0 -0.01097387 -0.9999399 1.565339 2.18392e-7 0.9999398 -0.01097375 1.094964 0 0 0 1 -1 -4.03554e-7 0 -0.6310425 0 0.2485754 -0.9686126 0.6752973 4.16493e-7 -0.9686126 -0.2485755 -0.952483 0 0 0 1 -1 0 0 -0.631042 0 -1 0 -1.004987 0 0 1 -0.08431869 0 0 0 1 -1 6.33246e-7 0 0.6307451 0 -0.1114042 -0.9937754 3.767938 -6.39529e-7 -0.9937751 0.1114041 -1.506605 0 0 0 1 -1 4.78856e-7 0 0.6307442 0 0.07230103 -0.997383 3.071449 -4.86197e-7 -0.9973829 -0.0723012 -0.9608612 0 0 0 1 1 -3.31672e-7 0 -0.6307443 0 -0.01119333 -0.9999377 1.565099 3.31693e-7 0.9999373 -0.01119315 1.095307 0 0 0 1 -1 -2.86792e-7 0 0.6307436 0 0.2492698 -0.9684347 0.6760435 2.9614e-7 -0.9684341 -0.2492699 -0.9522455 0 0 0 1 -1 0 0 0.6307439 0 -1 -1.63913e-7 -1.004987 0 0 1.000001 -0.08431863 0 0 0 1 1 2.62793e-7 0 -5.11012e-7 0 0.002122581 -0.9999977 4.041494 -2.62742e-7 0.9999977 0.00212264 -2.287839 0 0 0 1 1 -2.26983e-7 0 5.15462e-7 0 -0.06782084 -0.9976975 3.349341 2.26766e-7 0.9976975 -0.06782078 -2.058633 0 0 0 1 -1 -6.39313e-7 0 1.38603e-6 0 -0.0181747 -0.9998347 2.440507 6.39332e-7 -0.9998348 0.01817464 2.182564 0 0 0 1 -0.07898324 0.9730306 -0.2167328 -0.997721 0 -0.217412 -0.97608 4.328327 -0.996876 -0.07709395 0.01717185 0.6953325 0 0 0 1 1 -2.22052e-7 0 -0.6143565 0 0.1740028 -0.9847452 2.524437 2.49897e-7 0.9847452 0.1740029 -2.186306 0 0 0 1 -1 -3.90964e-7 0 0.6143575 0 -0.23264 -0.9725629 2.157085 3.82742e-7 -0.9725629 0.23264 1.446825 0 0 0 1 1 -2.2502e-7 0 -0.6143566 0 -0.08509761 -0.9963726 0.5228732 2.48139e-7 0.9963726 -0.08509761 -1.541972 0 0 0 1 -1 0 0 0.6143569 0 -1 0 1.554787 0 0 1 -0.08431881 0 0 0 1 -0.07898324 0.9730306 -0.2167328 -1.094792 0 -0.217412 -0.97608 4.328326 -0.996876 -0.07709395 0.01717185 -0.5298402 0 0 0 1 1 -2.22052e-7 0 0.6146557 0 0.1740028 -0.9847452 2.524437 2.49897e-7 0.9847452 0.1740029 -2.186305 0 0 0 1 -1 -3.90964e-7 0 -0.6146547 0 -0.23264 -0.9725629 2.157085 3.82742e-7 -0.9725629 0.23264 1.446826 0 0 0 1 1 -2.2502e-7 0 0.6146557 0 -0.08509761 -0.9963726 0.5228732 2.48139e-7 0.9963726 -0.08509761 -1.541971 0 0 0 1 -1 0 0 -0.6146553 0 -1 0 1.554787 0 0 1 -0.08431887 0 0 0 1 1 0 0 0 0 1 0 0.1181635 0 0 1 -0.003699481 0 0 0 1</float_array>
          <technique_common>
            <accessor source="#Camelus_Camel_001-skin-bind_poses-array" count="36" stride="16">
              <param name="TRANSFORM" type="float4x4"/>
            </accessor>
          </technique_common>
        </source>
        <source id="Camelus_Camel_001-skin-weights">
          <float_array id="Camelus_Camel_001-skin-weights-array" count="105">0.5 0.5 0.5 0.5 1 0.5 0.5 1 0.5 0.5 0.5 0.5 0.5 0.5 1 0.5 0.5 0.5 0.5 0.5 0.5 0.5 0.5 0.5 0.5 0.5 0.5 0.5 0.5 0.5 0.5 1 0.3616373 0.3616373 0.1383627 0.1383627 0.454177 0.454177 0.09164595 0.4438439 0.4438439 0.05615609 0.05615609 0.5 0.5 0.5 0.5 0.5 0.5 1 0.4684654 0.4684654 0.06306922 0.25063 0.5 0.2493699 0.09261852 0.4536907 0.4536907 0.1695342 0.4152328 0.4152328 0.5 0.5 0.2846676 0.5 0.2153324 0.3205357 0.2564286 0.2564286 0.166607 0.2380952 0.3809524 0.3809524 0.3846154 0.3076923 0.3076923 0.3968905 0.3968905 0.2062189 0.3083308 0.5 0.1916692 0.4602784 0.4602784 0.0397216 0.0397216 0.2745437 0.5 0.2254563 0.5 0.5 0.1702701 0.3600831 0.3600831 0.05478179 0.05478179 0.5 0.5 0.5 0.5 0.5 0.5 0.5 0.5</float_array>
          <technique_common>
            <accessor source="#Camelus_Camel_001-skin-weights-array" count="105" stride="1">
              <param name="WEIGHT" type="float"/>
            </accessor>
          </technique_common>
        </source>
        <joints>
          <input semantic="JOINT" source="#Camelus_Camel_001-skin-joints"/>
          <input semantic="INV_BIND_MATRIX" source="#Camelus_Camel_001-skin-bind_poses"/>
        </joints>
        <vertex_weights count="44">
          <input semantic="JOINT" source="#Camelus_Camel_001-skin-joints" offset="0"/>
          <input semantic="WEIGHT" source="#Camelus_Camel_001-skin-weights" offset="1"/>
          <vcount>2 2 1 2 1 2 2 2 1 2 2 2 2 2 2 2 2 1 4 3 4 2 2 2 1 3 3 3 3 2 3 4 3 3 3 3 4 3 2 5 2 2 2 2 </vcount>
          <v>1 0 2 1 0 2 1 3 2 4 0 5 1 6 1 7 0 8 1 9 0 10 1 11 0 12 1 13 2 14 1 15 2 16 1 17 2 18 0 19 1 20 0 21 1 22 0 23 1 24 1 25 2 26 0 27 1 28 1 29 2 30 2 31 0 32 1 33 25 34 26 35 0 36 1 37 30 38 0 39 1 40 25 41 26 42 0 43 1 44 1 45 2 46 0 47 1 48 2 49 0 50 1 51 30 52 1 53 2 54 17 55 0 56 1 57 2 58 0 59 1 60 2 61 0 62 1 63 1 64 2 65 17 66 0 67 1 68 2 69 30 70 0 71 1 72 2 73 0 74 1 75 2 76 0 77 1 78 30 79 1 80 2 81 12 82 0 83 1 84 25 85 26 86 1 87 2 88 12 89 1 90 2 91 0 92 1 93 2 94 25 95 26 96 1 97 2 98 1 99 2 100 1 101 2 102 1 103 2 104</v>
        </vertex_weights>
      </skin>
    </controller>
  </library_controllers>
  <library_visual_scenes>
    <visual_scene id="Scene" name="Scene">
      <node id="Camelus" name="Camelus" type="NODE">
        <matrix sid="transform">1 0 0 0 0 1 0 0 0 0 1 0 0 0 0 1</matrix>
        <node id="Camelus_Camelus_TailNub" name="Camelus_TailNub" sid="Camelus_TailNub" type="JOINT">
          <matrix sid="transform">1 -9.9951e-10 2.37372e-7 -1.82351e-8 -2.37169e-7 -0.04575971 0.9989525 2.215972 9.86362e-9 -0.9989525 -0.0457598 1.835093 0 0 0 1</matrix>
          <extra>
            <technique profile="blender">
              <layer sid="layer" type="string">0</layer>
              <roll sid="roll" type="float">2.38419e-7</roll>
              <tip_x sid="tip_x" type="float">0</tip_x>
              <tip_y sid="tip_y" type="float">-0.02715682</tip_y>
              <tip_z sid="tip_z" type="float">-0.5928443</tip_z>
            </technique>
          </extra>
        </node>
        <node id="Camelus_Camelus_HeadNub" name="Camelus_HeadNub" sid="Camelus_HeadNub" type="JOINT">
          <matrix sid="transform">-1 7.88545e-9 7.16749e-7 4.20175e-8 -8.3245e-8 -0.994451 -0.1051992 -4.615255 7.11949e-7 -0.1052007 0.9944436 5.676849 0 0 0 1</matrix>
          <extra>
            <technique profile="blender">
              <layer sid="layer" type="string">0</layer>
              <roll sid="roll" type="float">3.141592</roll>
              <tip_x sid="tip_x" type="float">0</tip_x>
              <tip_y sid="tip_y" type="float">-0.6315489</tip_y>
              <tip_z sid="tip_z" type="float">-0.06681013</tip_z>
            </technique>
          </extra>
        </node>
        <node id="Camelus_Camelus_L_Finger0Nub" name="Camelus_L_Finger0Nub" sid="Camelus_L_Finger0Nub" type="JOINT">
          <matrix sid="transform">-1 0 0 0.6307439 0 -1 0 -1.004978 0 0 1 0.08431822 0 0 0 1</matrix>
          <extra>
            <technique profile="blender">
              <layer sid="layer" type="string">0</layer>
              <tip_x sid="tip_x" type="float">0</tip_x>
              <tip_y sid="tip_y" type="float">-0.3418114</tip_y>
              <tip_z sid="tip_z" type="float">0</tip_z>
            </technique>
          </extra>
        </node>
        <node id="Camelus_Camelus_R_Finger0Nub" name="Camelus_R_Finger0Nub" sid="Camelus_R_Finger0Nub" type="JOINT">
          <matrix sid="transform">-1 0 0 -0.631042 0 -1 0 -1.004978 0 0 1 0.08431822 0 0 0 1</matrix>
          <extra>
            <technique profile="blender">
              <layer sid="layer" type="string">0</layer>
              <tip_x sid="tip_x" type="float">0</tip_x>
              <tip_y sid="tip_y" type="float">-0.3418114</tip_y>
              <tip_z sid="tip_z" type="float">0</tip_z>
            </technique>
          </extra>
        </node>
        <node id="Camelus_Camelus_R_Toe0Nub" name="Camelus_R_Toe0Nub" sid="Camelus_R_Toe0Nub" type="JOINT">
          <matrix sid="transform">-1 0 0 -0.6146553 0 -1 0 1.554788 0 0 1 0.08431822 0 0 0 1</matrix>
          <extra>
            <technique profile="blender">
              <layer sid="layer" type="string">0</layer>
              <tip_x sid="tip_x" type="float">0</tip_x>
              <tip_y sid="tip_y" type="float">-0.3418113</tip_y>
              <tip_z sid="tip_z" type="float">0</tip_z>
            </technique>
          </extra>
        </node>
        <node id="Camelus_Camelus_L_Toe0Nub" name="Camelus_L_Toe0Nub" sid="Camelus_L_Toe0Nub" type="JOINT">
          <matrix sid="transform">-1 0 0 0.6143569 0 -1 0 1.554788 0 0 1 0.08431822 0 0 0 1</matrix>
          <extra>
            <technique profile="blender">
              <layer sid="layer" type="string">0</layer>
              <tip_x sid="tip_x" type="float">0</tip_x>
              <tip_y sid="tip_y" type="float">-0.3418113</tip_y>
              <tip_z sid="tip_z" type="float">0</tip_z>
            </technique>
          </extra>
        </node>
        <node id="Camelus_rl_quarter" name="rl_quarter" sid="rl_quarter" type="JOINT">
          <matrix sid="transform">1 0 0 0.6143569 0 0 1 0.8954145 0 -1 0 1.758657 0 0 0 1</matrix>
          <extra>
            <technique profile="blender">
              <layer sid="layer" type="string">0</layer>
              <tip_x sid="tip_x" type="float">0</tip_x>
              <tip_y sid="tip_y" type="float">0</tip_y>
              <tip_z sid="tip_z" type="float">-0.2278742</tip_z>
            </technique>
          </extra>
        </node>
        <node id="Camelus_rr_quarter" name="rr_quarter" sid="rr_quarter" type="JOINT">
          <matrix sid="transform">1 0 0 -0.6146553 0 0 1 0.8954145 0 -1 0 1.758657 0 0 0 1</matrix>
          <extra>
            <technique profile="blender">
              <layer sid="layer" type="string">0</layer>
              <tip_x sid="tip_x" type="float">0</tip_x>
              <tip_y sid="tip_y" type="float">0</tip_y>
              <tip_z sid="tip_z" type="float">-0.2278742</tip_z>
            </technique>
          </extra>
        </node>
        <node id="Camelus_fr_quarter" name="fr_quarter" sid="fr_quarter" type="JOINT">
          <matrix sid="transform">1 0 0 -0.6114295 0 0 1 -2.283833 0 -1 0 1.790909 0 0 0 1</matrix>
          <extra>
            <technique profile="blender">
              <layer sid="layer" type="string">0</layer>
              <tip_x sid="tip_x" type="float">0</tip_x>
              <tip_y sid="tip_y" type="float">0</tip_y>
              <tip_z sid="tip_z" type="float">-0.2278742</tip_z>
            </technique>
          </extra>
        </node>
        <node id="Camelus_fl_quarter" name="fl_quarter" sid="fl_quarter" type="JOINT">
          <matrix sid="transform">1 0 0 0.6191956 0 0 1 -2.283833 0 -1 0 1.790909 0 0 0 1</matrix>
          <extra>
            <technique profile="blender">
              <layer sid="layer" type="string">0</layer>
              <tip_x sid="tip_x" type="float">0</tip_x>
              <tip_y sid="tip_y" type="float">0</tip_y>
              <tip_z sid="tip_z" type="float">-0.2278742</tip_z>
            </technique>
          </extra>
        </node>
        <node id="Camelus_Camelus_Root" name="Camelus_Root" sid="Camelus_Root" type="JOINT">
          <matrix sid="transform">1 -5.19229e-9 0 -6.63076e-8 5.19229e-9 1 0 -0.1181635 0 0 1 0.003699511 0 0 0 1</matrix>
          <node id="Camelus_Camelus_Pelvis" name="Camelus_Pelvis" sid="Camelus_Pelvis" type="JOINT">
            <matrix sid="transform">1 2.56934e-9 2.42931e-7 8.16112e-8 -2.12374e-7 0.4948386 0.8689849 1.464353 -1.17979e-7 -0.8689849 0.4948385 4.626558 0 0 0 1</matrix>
            <node id="Camelus_Camelus_Spine" name="Camelus_Spine" sid="Camelus_Spine" type="JOINT">
              <matrix sid="transform">1 1.07794e-7 2.64178e-7 1.64463e-7 -2.15589e-7 0.8919559 0.4521225 -0.6002214 -1.86899e-7 -0.4521225 0.8919559 -0.689809 0 0 0 1</matrix>
              <node id="Camelus_Camelus_Spine1" name="Camelus_Spine1" sid="Camelus_Spine1" type="JOINT">
                <matrix sid="transform">1 -1.7401e-8 -2.29232e-7 4.91889e-7 4.50505e-9 0.998423 -0.05613748 -0.005790649 2.29847e-7 0.05613748 0.998423 -1.031565 0 0 0 1</matrix>
                <node id="Camelus_Camelus_Neck" name="Camelus_Neck" sid="Camelus_Neck" type="JOINT">
                  <matrix sid="transform">-1 2.4199e-7 -1.75893e-5 3.91105e-7 1.74399e-5 -0.1171317 -0.9931163 0.7191813 -2.30059e-6 -0.9931163 0.1171318 -1.535706 0 0 0 1</matrix>
                  <node id="Camelus_Camelus_Neck1" name="Camelus_Neck1" sid="Camelus_Neck1" type="JOINT">
                    <matrix sid="transform">1 -1.52515e-5 -9.07129e-6 3.35376e-12 -3.2236e-7 0.4954964 -0.8686101 0.8557732 1.77424e-5 0.8686101 0.4954963 -9.31323e-8 0 0 0 1</matrix>
                    <node id="Camelus_Camelus_Neck2" name="Camelus_Neck2" sid="Camelus_Neck2" type="JOINT">
                      <matrix sid="transform">1 4.40087e-8 3.0526e-8 -2.27374e-13 -3.82056e-8 0.9855658 -0.1692933 0.8188891 -3.75358e-8 0.1692934 0.9855657 2.38419e-7 0 0 0 1</matrix>
                      <node id="Camelus_Camelus_Head" name="Camelus_Head" sid="Camelus_Head" type="JOINT">
                        <matrix sid="transform">1 -3.06041e-7 -1.61579e-6 0 1.54391e-6 0.5130953 0.8583317 0.8956908 5.66371e-7 -0.8583316 0.5130954 0 0 0 0 1</matrix>
                        <node id="Camelus_prop_head" name="prop_head" sid="prop_head" type="JOINT">
                          <matrix sid="transform">-1 2.41362e-7 1.64886e-6 1.87765e-9 -1.06877e-8 -0.9903634 0.1384891 0.3567944 1.66638e-6 0.1384917 0.9903542 0.009298384 0 0 0 1</matrix>
                          <extra>
                            <technique profile="blender">
                              <layer sid="layer" type="string">2</layer>
                              <roll sid="roll" type="float">2.38419e-7</roll>
                              <tip_x sid="tip_x" type="float">0</tip_x>
                              <tip_y sid="tip_y" type="float">0.6348691</tip_y>
                              <tip_z sid="tip_z" type="float">-0.04086828</tip_z>
                            </technique>
                          </extra>
                        </node>
                        <node id="Camelus_Camelus_Bot_Jaw_1" name="Camelus_Bot_Jaw_1" sid="Camelus_Bot_Jaw_1" type="JOINT">
                          <matrix sid="transform">1 -1.39192e-6 -9.68783e-6 -1.96563e-8 8.45874e-6 0.6208525 0.7839275 0.5151148 4.92355e-6 -0.7839275 0.6208525 -0.004488707 0 0 0 1</matrix>
                          <node id="Camelus_Camelus_Bot_Jaw_2" name="Camelus_Bot_Jaw_2" sid="Camelus_Bot_Jaw_2" type="JOINT">
                            <matrix sid="transform">1 5.20069e-6 8.63471e-6 1.81899e-12 -4.07075e-7 0.8767595 -0.4809289 0.2681627 -1.00717e-5 0.480929 0.8767595 4.76837e-7 0 0 0 1</matrix>
                            <node id="Camelus_prop_mouth_bot" name="prop_mouth_bot" sid="prop_mouth_bot" type="JOINT">
                              <matrix sid="transform">-1 1.74011e-7 8.57843e-7 2.10084e-8 -1.17401e-7 -0.9978462 0.06558158 0.1517467 8.67105e-7 0.06559056 0.9977786 0.04000086 0 0 0 1</matrix>
                              <extra>
                                <technique profile="blender">
                                  <layer sid="layer" type="string">2</layer>
                                  <tip_x sid="tip_x" type="float">0</tip_x>
                                  <tip_y sid="tip_y" type="float">0.2104177</tip_y>
                                  <tip_z sid="tip_z" type="float">0.05635166</tip_z>
                                </technique>
                              </extra>
                            </node>
                            <extra>
                              <technique profile="blender">
                                <connect sid="connect" type="bool">1</connect>
                                <layer sid="layer" type="string">0</layer>
                                <roll sid="roll" type="float">3.141592</roll>
                                <tip_x sid="tip_x" type="float">0</tip_x>
                                <tip_y sid="tip_y" type="float">-0.2136611</tip_y>
                                <tip_z sid="tip_z" type="float">-0.04242897</tip_z>
                              </technique>
                            </extra>
                          </node>
                          <extra>
                            <technique profile="blender">
                              <layer sid="layer" type="string">0</layer>
                              <roll sid="roll" type="float">-3.141603</roll>
                            </technique>
                          </extra>
                        </node>
                        <node id="Camelus_Camelus_Top_Jaw" name="Camelus_Top_Jaw" sid="Camelus_Top_Jaw" type="JOINT">
                          <matrix sid="transform">1 -7.85496e-7 -1.01599e-5 -1.00998e-8 5.26246e-6 0.8935931 0.448878 0.5115805 8.7262e-6 -0.448878 0.8935931 8.81433e-4 0 0 0 1</matrix>
                          <node id="Camelus_Camelus_Top_Jaw_R" name="Camelus_Top_Jaw_R" sid="Camelus_Top_Jaw_R" type="JOINT">
                            <matrix sid="transform">0.9848084 -0.1736448 1.18967e-5 0.1785644 0.1677091 0.951127 -0.2592898 0.3319638 0.04501301 0.2553528 0.9657996 -0.01661491 0 0 0 1</matrix>
                            <extra>
                              <technique profile="blender">
                                <layer sid="layer" type="string">0</layer>
                                <roll sid="roll" type="float">4.76837e-7</roll>
                                <tip_x sid="tip_x" type="float">0.02455747</tip_x>
                                <tip_y sid="tip_y" type="float">-0.1392726</tip_y>
                                <tip_z sid="tip_z" type="float">0</tip_z>
                              </technique>
                            </extra>
                          </node>
                          <node id="Camelus_Camelus_Top_Jaw_L" name="Camelus_Top_Jaw_L" sid="Camelus_Top_Jaw_L" type="JOINT">
                            <matrix sid="transform">0.9848074 0.1736508 1.13137e-5 -0.1729729 -0.167709 0.9511269 -0.2592899 0.3331082 -0.04503665 0.2553486 0.9657997 -0.01630354 0 0 0 1</matrix>
                            <extra>
                              <technique profile="blender">
                                <layer sid="layer" type="string">0</layer>
                                <tip_x sid="tip_x" type="float">-0.02455747</tip_x>
                                <tip_y sid="tip_y" type="float">-0.1392726</tip_y>
                                <tip_z sid="tip_z" type="float">0</tip_z>
                              </technique>
                            </extra>
                          </node>
                          <extra>
                            <technique profile="blender">
                              <layer sid="layer" type="string">0</layer>
                              <roll sid="roll" type="float">-3.141604</roll>
                              <tip_x sid="tip_x" type="float">0</tip_x>
                              <tip_y sid="tip_y" type="float">-0.6191754</tip_y>
                              <tip_z sid="tip_z" type="float">-0.1662311</tip_z>
                            </technique>
                          </extra>
                        </node>
                        <extra>
                          <technique profile="blender">
                            <connect sid="connect" type="bool">1</connect>
                            <layer sid="layer" type="string">1</layer>
                            <roll sid="roll" type="float">3.141591</roll>
                            <tip_x sid="tip_x" type="float">0</tip_x>
                            <tip_y sid="tip_y" type="float">-1.034879</tip_y>
                            <tip_z sid="tip_z" type="float">0.2132544</tip_z>
                          </technique>
                        </extra>
                      </node>
                      <extra>
                        <technique profile="blender">
                          <connect sid="connect" type="bool">1</connect>
                          <layer sid="layer" type="string">0</layer>
                          <roll sid="roll" type="float">-3.141593</roll>
                        </technique>
                      </extra>
                    </node>
                    <extra>
                      <technique profile="blender">
                        <connect sid="connect" type="bool">1</connect>
                        <layer sid="layer" type="string">0</layer>
                        <roll sid="roll" type="float">3.141592</roll>
                      </technique>
                    </extra>
                  </node>
                  <extra>
                    <technique profile="blender">
                      <layer sid="layer" type="string">0</layer>
                      <roll sid="roll" type="float">-3.141576</roll>
                    </technique>
                  </extra>
                </node>
                <node id="Camelus_Camelus_R_Clavicle" name="Camelus_R_Clavicle" sid="Camelus_R_Clavicle" type="JOINT">
                  <matrix sid="transform">-0.9999638 -0.002832398 0.008021602 -0.6284244 -0.004487951 0.9766925 -0.2145964 0.7973827 -0.007226816 -0.2146246 -0.9766698 -0.5830773 0 0 0 1</matrix>
                  <node id="Camelus_Camelus_R_Forearm" name="Camelus_R_Forearm" sid="Camelus_R_Forearm" type="JOINT">
                    <matrix sid="transform">0.9999638 -0.004252206 0.007368374 0 0.002832373 0.9831157 0.182963 0.9241418 -0.00802196 -0.1829354 0.9830922 -2.38419e-7 0 0 0 1</matrix>
                    <node id="Camelus_Camelus_R_Hand" name="Camelus_R_Hand" sid="Camelus_R_Hand" type="JOINT">
                      <matrix sid="transform">-1 -5.97398e-8 3.86924e-7 0 -2.73242e-8 0.9965292 0.08324198 1.420396 -3.90554e-7 0.08324196 -0.9965293 -1.19209e-7 0 0 0 1</matrix>
                      <node id="Camelus_Camelus_R_Wrist" name="Camelus_R_Wrist" sid="Camelus_R_Wrist" type="JOINT">
                        <matrix sid="transform">-1 -1.06125e-7 6.13841e-7 0 5.66028e-8 0.9658265 0.25919 1.159993 -6.2037e-7 0.25919 -0.9658265 1.19209e-7 0 0 0 1</matrix>
                        <node id="Camelus_Camelus_R_Finger0" name="Camelus_R_Finger0" sid="Camelus_R_Finger0" type="JOINT">
                          <matrix sid="transform">1 4.03554e-7 -1.03564e-7 -5.96046e-8 5.80647e-14 -0.2485754 -0.9686126 0.3438102 -4.16631e-7 0.9686126 -0.2485755 0 0 0 0 1</matrix>
                          <extra>
                            <technique profile="blender">
                              <connect sid="connect" type="bool">1</connect>
                              <layer sid="layer" type="string">1</layer>
                              <tip_x sid="tip_x" type="float">0</tip_x>
                              <tip_y sid="tip_y" type="float">-0.3418114</tip_y>
                              <tip_z sid="tip_z" type="float">0</tip_z>
                            </technique>
                          </extra>
                        </node>
                        <extra>
                          <technique profile="blender">
                            <connect sid="connect" type="bool">1</connect>
                            <layer sid="layer" type="string">1</layer>
                            <roll sid="roll" type="float">3.141592</roll>
                          </technique>
                        </extra>
                      </node>
                      <extra>
                        <technique profile="blender">
                          <connect sid="connect" type="bool">1</connect>
                          <layer sid="layer" type="string">0</layer>
                          <roll sid="roll" type="float">2.38419e-7</roll>
                        </technique>
                      </extra>
                    </node>
                    <extra>
                      <technique profile="blender">
                        <connect sid="connect" type="bool">1</connect>
                        <layer sid="layer" type="string">0</layer>
                        <roll sid="roll" type="float">3.141593</roll>
                      </technique>
                    </extra>
                  </node>
                  <extra>
                    <technique profile="blender">
                      <layer sid="layer" type="string">0</layer>
                      <roll sid="roll" type="float">3.136739</roll>
                    </technique>
                  </extra>
                </node>
                <node id="Camelus_Camelus_L_Clavicle" name="Camelus_L_Clavicle" sid="Camelus_L_Clavicle" type="JOINT">
                  <matrix sid="transform">-1 6.44975e-8 -3.96417e-7 0.6307441 1.48076e-7 0.9766962 -0.2146255 0.797383 3.73337e-7 -0.2146255 -0.9766964 -0.583077 0 0 0 1</matrix>
                  <node id="Camelus_Camelus_L_Forearm" name="Camelus_L_Forearm" sid="Camelus_L_Forearm" type="JOINT">
                    <matrix sid="transform">1 2.21254e-7 -1.38755e-7 0 -1.92132e-7 0.9831197 0.1829637 0.9241383 1.76895e-7 -0.1829637 0.9831197 0 0 0 0 1</matrix>
                    <node id="Camelus_Camelus_L_Hand" name="Camelus_L_Hand" sid="Camelus_L_Hand" type="JOINT">
                      <matrix sid="transform">-1 -1.24212e-7 1.45803e-7 0 -1.1161e-7 0.996511 0.08346058 1.420397 -1.55661e-7 0.08346055 -0.9965112 0 0 0 0 1</matrix>
                      <node id="Camelus_Camelus_L_Wrist" name="Camelus_L_Wrist" sid="Camelus_L_Wrist" type="JOINT">
                        <matrix sid="transform">-1 -8.62713e-8 6.16417e-7 -5.96046e-8 7.70243e-8 0.965583 0.2600941 1.159996 -6.17641e-7 0.260094 -0.9655833 0 0 0 0 1</matrix>
                        <node id="Camelus_Camelus_L_Finger0" name="Camelus_L_Finger0" sid="Camelus_L_Finger0" type="JOINT">
                          <matrix sid="transform">1 2.86792e-7 -7.38186e-8 5.96046e-8 1.99636e-13 -0.2492698 -0.968434 0.3438736 -2.9614e-7 0.968434 -0.2492696 -1.19209e-7 0 0 0 1</matrix>
                          <extra>
                            <technique profile="blender">
                              <connect sid="connect" type="bool">1</connect>
                              <layer sid="layer" type="string">1</layer>
                              <tip_x sid="tip_x" type="float">0</tip_x>
                              <tip_y sid="tip_y" type="float">-0.3418114</tip_y>
                              <tip_z sid="tip_z" type="float">0</tip_z>
                            </technique>
                          </extra>
                        </node>
                        <extra>
                          <technique profile="blender">
                            <connect sid="connect" type="bool">1</connect>
                            <layer sid="layer" type="string">1</layer>
                            <roll sid="roll" type="float">3.141592</roll>
                          </technique>
                        </extra>
                      </node>
                      <extra>
                        <technique profile="blender">
                          <connect sid="connect" type="bool">1</connect>
                          <layer sid="layer" type="string">0</layer>
                          <roll sid="roll" type="float">2.38419e-7</roll>
                        </technique>
