<?xml version="1.0" encoding="utf-8"?>
<COLLADA xmlns="http://www.collada.org/2005/11/COLLADASchema" version="1.4.1" xmlns:xsi="http://www.w3.org/2001/XMLSchema-instance">
  <asset>
    <contributor>
      <author>Blender User</author>
      <authoring_tool>Blender 2.80.60 commit date:2019-04-30, commit time:22:49, hash:480a09a92f7f</authoring_tool>
    </contributor>
    <created>2019-05-10T15:59:01</created>
    <modified>2019-05-10T15:59:01</modified>
    <unit name="meter" meter="0.0254"/>
    <up_axis>Z_UP</up_axis>
  </asset>
  <library_effects>
    <effect id="Material-effect">
      <profile_COMMON>
        <newparam sid="celt_prop_1_dds-surface">
          <surface type="2D">
            <init_from>celt_prop_1_dds</init_from>
          </surface>
        </newparam>
        <newparam sid="celt_prop_1_dds-sampler">
          <sampler2D>
            <source>celt_prop_1_dds-surface</source>
          </sampler2D>
        </newparam>
        <technique sid="common">
          <lambert>
            <diffuse>
              <texture texture="celt_prop_1_dds-sampler" texcoord="Object025Mesh_005-mesh-map-0"/>
            </diffuse>
            <reflectivity>
              <float sid="specular">0.5</float>
            </reflectivity>
          </lambert>
        </technique>
      </profile_COMMON>
    </effect>
  </library_effects>
  <library_images/>
  <library_materials>
    <material id="Material-material" name="Material">
      <instance_effect url="#Material-effect"/>
    </material>
  </library_materials>
  <library_geometries>
    <geometry id="celt_barracks_props_01-mesh" name="celt_barracks_props_01">
      <mesh>
        <source id="celt_barracks_props_01-mesh-positions">
          <float_array id="celt_barracks_props_01-mesh-positions-array" count="174">-11.64624 4.702827 -4.028789 -11.64784 5.071614 -4.028789 -11.34899 5.072915 -4.271459 -11.34739 4.704128 -4.271459 -8.220376 4.717739 0.1902968 -8.221982 5.086525 0.1902971 -7.923129 5.087827 -0.05237293 -7.921523 4.719041 -0.05237317 -11.63922 3.092959 -4.028789 -11.64084 3.461746 -4.028789 -11.34198 3.463047 -4.27146 -11.34038 3.09426 -4.27146 -8.213368 3.107871 0.1902953 -8.214973 3.476658 0.1902956 -7.91612 3.477959 -0.05237412 -7.914514 3.109172 -0.05237436 -1.24579 -8.171484 -4.902355 -1.244389 -8.493373 -4.902355 -1.543286 -8.494673 -5.144968 -1.544687 -8.172783 -5.144968 -4.670858 -8.186399 -0.6826303 -4.669457 -8.508289 -0.6826303 -4.968354 -8.509589 -0.9252439 -4.969754 -8.187699 -0.9252436 -1.251909 -6.766329 -4.902354 -1.250508 -7.088219 -4.902354 -1.549405 -7.089519 -5.144968 -1.550806 -6.767631 -5.144967 -4.676976 -6.781244 -0.6826294 -4.675574 -7.103134 -0.6826296 -4.974471 -7.104435 -0.9252431 -4.975873 -6.782545 -0.9252429 2.645428 -5.236105 -4.234149 2.643751 -4.851138 -4.234149 2.942605 -4.849837 -4.476819 2.94428 -5.234803 -4.476819 6.071292 -5.221193 -0.01506316 6.069615 -4.836225 -0.01506292 2.652745 -6.916609 -4.23415 2.651069 -6.531643 -4.234149 2.949921 -6.530342 -4.476819 2.951597 -6.915309 -4.47682 6.078608 -6.901697 -0.01506459 6.076932 -6.516729 -0.01506435 6.375784 -6.515428 -0.2577343 6.37746 -6.900395 -0.2577345 -8.426907 3.021949 4.068419 -8.427294 3.021949 -0.06066238 -8.427074 5.240688 -0.06066232 -8.426683 5.240689 4.068419 2.645429 -5.236104 -4.23415 2.643752 -4.851138 -4.234149 2.942605 -4.849837 -4.476819 2.944281 -5.234805 -4.47682 6.071292 -5.221192 -0.01506459 6.069616 -4.836224 -0.01506435 6.368467 -4.834923 -0.2577343 6.370144 -5.219891 -0.2577345</float_array>
          <technique_common>
            <accessor source="#celt_barracks_props_01-mesh-positions-array" count="58" stride="3">
              <param name="X" type="float"/>
              <param name="Y" type="float"/>
              <param name="Z" type="float"/>
            </accessor>
          </technique_common>
        </source>
        <source id="celt_barracks_props_01-mesh-normals">
          <float_array id="celt_barracks_props_01-mesh-normals-array" count="201">-0.7762963 -0.003383934 0.6303592 -0.004354596 0.9999906 0 0.7762959 0.003380119 -0.6303597 0.00435543 -0.9999905 0 -0.6303513 -0.002737224 -0.7763053 0.6303516 0.002745628 0.776305 -0.7762967 -0.003376305 0.6303588 -0.004353106 0.9999906 0 0.7762966 0.003383934 -0.6303589 0.004353582 -0.9999905 0 -0.6303528 -0.00275737 -0.776304 0.6303513 0.002745628 0.7763051 0.7764149 0.003378689 0.6302131 0.004351139 -0.9999906 -1.82325e-6 -0.776415 -0.003376543 -0.6302132 -0.004351019 0.9999906 5.46975e-6 0.6302087 0.002743601 -0.7764209 -0.6302103 -0.002741634 0.7764196 0.7764149 0.003379821 0.6302131 0.004353046 -0.9999905 -1.82325e-6 -0.776416 -0.003381967 -0.6302117 -0.004353046 0.9999906 1.82325e-6 0.6302062 0.002744078 -0.7764231 -0.6302065 -0.002745509 0.7764229 -0.7762967 -0.003380298 0.6303586 -0.6303515 -0.002744436 -0.7763051 -0.776297 -0.003380298 0.6303582 -0.004352867 0.9999905 0 0.7762967 0.003382086 -0.6303587 0.004353702 -0.9999905 0 -0.6303542 -0.002742052 -0.7763029 0.6303529 0.002744495 0.7763039 -1 1.00766e-4 9.37719e-5 -1 9.91008e-5 9.46957e-5 -0.7762982 -0.003376305 0.6303569 -0.004352509 0.9999905 9.11618e-7 0.7762982 0.00337255 -0.6303569 0.004352688 -0.9999905 -7.97666e-7 -0.6303514 -0.002743959 -0.7763052 0.6303512 0.002747297 0.7763053 -0.7762973 -0.003399193 0.6303578 -0.004353106 0.9999906 9.11622e-7 0.7762966 0.00337249 -0.6303589 0.004353165 -0.9999905 -9.11638e-7 -0.6303636 -0.002740681 -0.7762953 0.6303503 0.002740621 0.776306 0.7764172 0.003379821 0.6302103 0.004351139 -0.9999906 -3.6465e-6 -0.7764148 -0.003380894 -0.6302132 -0.004349231 0.9999907 3.64651e-6 -0.6302047 -0.002741634 0.7764243 0.776416 0.003380894 0.6302118 0.004353046 -0.9999905 -1.82325e-6 -0.776415 -0.003378689 -0.630213 -0.004354894 0.9999905 0 0.6302069 0.002746284 -0.7764225 -0.6302074 -0.002745449 0.776422 -0.7762959 -0.003382086 0.6303597 -0.6303521 -0.002742886 -0.7763046 -0.7762969 -0.003382086 0.6303586 -0.004353821 0.9999906 1.82324e-6 0.7762961 0.003382086 -0.6303594 0.00435096 -0.9999906 0 -0.6303515 -0.002742826 -0.7763051 0.6303533 0.002742886 0.7763036 -0.00435388 0.9999905 1.82325e-6 0.00435096 -0.9999905 0</float_array>
          <technique_common>
            <accessor source="#celt_barracks_props_01-mesh-normals-array" count="67" stride="3">
              <param name="X" type="float"/>
              <param name="Y" type="float"/>
              <param name="Z" type="float"/>
            </accessor>
          </technique_common>
        </source>
        <source id="celt_barracks_props_01-mesh-map-0">
          <float_array id="celt_barracks_props_01-mesh-map-0-array" count="420">0.6077262 0.985804 0.6271182 0.9858042 0.6271161 0.2942651 0.6271182 0.9858042 0.6077285 0.9858042 0.607727 0.2942653 0.6077285 0.9858042 0.5883386 0.9858042 0.588338 0.2942654 0.6077262 0.985804 0.6077292 0.294265 0.5883363 0.985804 0.5883377 0.2808526 0.6077265 0.2808523 0.588338 0.2942654 0.5883386 0.9858042 0.6077285 0.9858042 0.6077286 0.9992179 0.6077262 0.985804 0.6271182 0.9858042 0.6271161 0.2942651 0.6271182 0.9858042 0.6077285 0.9858042 0.607727 0.2942653 0.6077285 0.9858042 0.5883386 0.9858042 0.588338 0.2942654 0.5883363 0.985804 0.6077262 0.985804 0.6077292 0.294265 0.5883377 0.2808526 0.6077265 0.2808523 0.607727 0.2942653 0.5883386 0.9858042 0.6077285 0.9858042 0.6077286 0.9992179 0.6077262 0.985804 0.6271182 0.9858042 0.6271161 0.2942651 0.6271182 0.9858042 0.6077285 0.9858042 0.607727 0.2942653 0.6077285 0.9858042 0.5883386 0.9858042 0.588338 0.2942654 0.5883363 0.985804 0.6077262 0.985804 0.6077292 0.294265 0.5883377 0.2808526 0.6077265 0.2808523 0.607727 0.2942653 0.5883386 0.9858042 0.6077285 0.9858042 0.6077286 0.9992179 0.6077262 0.985804 0.6271182 0.9858042 0.6271161 0.2942651 0.6271182 0.9858042 0.6077285 0.9858042 0.607727 0.2942653 0.6077285 0.9858042 0.5883386 0.9858042 0.588338 0.2942654 0.5883363 0.985804 0.6077262 0.985804 0.6077292 0.294265 0.5883377 0.2808526 0.6077265 0.2808523 0.588338 0.2942654 0.5883386 0.9858042 0.6077285 0.9858042 0.5883386 0.999218 0.6077262 0.985804 0.6271182 0.9858042 0.6271161 0.2942651 0.5883377 0.2808526 0.6077265 0.2808523 0.607727 0.2942653 0.6077262 0.985804 0.6271182 0.9858042 0.6271161 0.2942651 0.6271182 0.9858042 0.6077285 0.9858042 0.607727 0.2942653 0.6077285 0.9858042 0.5883386 0.9858042 0.588338 0.2942654 0.5883363 0.985804 0.6077262 0.985804 0.6077292 0.294265 0.5883377 0.2808526 0.6077265 0.2808523 0.607727 0.2942653 0.5883386 0.9858042 0.6077285 0.9858042 0.6077286 0.9992179 0.646484 0.230469 0.496094 0.001952946 0.496094 0.230469 0.496094 0.001952946 0.646484 0.230469 0.646484 0.001952946 0.6077292 0.294265 0.6077262 0.985804 0.6271161 0.2942651 0.6271161 0.2942651 0.6271182 0.9858042 0.607727 0.2942653 0.607727 0.2942653 0.6077285 0.9858042 0.588338 0.2942654 0.5883363 0.985804 0.6077292 0.294265 0.5883401 0.294265 0.6077265 0.2808523 0.607727 0.2942653 0.588338 0.2942654 0.5883386 0.999218 0.5883386 0.9858042 0.6077286 0.9992179 0.6077292 0.294265 0.6077262 0.985804 0.6271161 0.2942651 0.6271161 0.2942651 0.6271182 0.9858042 0.607727 0.2942653 0.607727 0.2942653 0.6077285 0.9858042 0.588338 0.2942654 0.5883401 0.294265 0.5883363 0.985804 0.6077292 0.294265 0.588338 0.2942654 0.5883377 0.2808526 0.607727 0.2942653 0.5883386 0.999218 0.5883386 0.9858042 0.6077286 0.9992179 0.6077292 0.294265 0.6077262 0.985804 0.6271161 0.2942651 0.6271161 0.2942651 0.6271182 0.9858042 0.607727 0.2942653 0.607727 0.2942653 0.6077285 0.9858042 0.588338 0.2942654 0.5883401 0.294265 0.5883363 0.985804 0.6077292 0.294265 0.588338 0.2942654 0.5883377 0.2808526 0.607727 0.2942653 0.5883386 0.999218 0.5883386 0.9858042 0.6077286 0.9992179 0.6077292 0.294265 0.6077262 0.985804 0.6271161 0.2942651 0.6271161 0.2942651 0.6271182 0.9858042 0.607727 0.2942653 0.607727 0.2942653 0.6077285 0.9858042 0.588338 0.2942654 0.5883401 0.294265 0.5883363 0.985804 0.6077292 0.294265 0.6077265 0.2808523 0.607727 0.2942653 0.588338 0.2942654 0.6077285 0.9858042 0.6077286 0.9992179 0.5883386 0.999218 0.6077292 0.294265 0.6077262 0.985804 0.6271161 0.2942651 0.6271182 0.9858042 0.6077285 0.9858042 0.607727 0.2942653 0.588338 0.2942654 0.5883377 0.2808526 0.607727 0.2942653 0.6077292 0.294265 0.6077262 0.985804 0.6271161 0.2942651 0.6271161 0.2942651 0.6271182 0.9858042 0.607727 0.2942653 0.607727 0.2942653 0.6077285 0.9858042 0.588338 0.2942654 0.5883401 0.294265 0.5883363 0.985804 0.6077292 0.294265 0.588338 0.2942654 0.5883377 0.2808526 0.607727 0.2942653 0.5883386 0.999218 0.5883386 0.9858042 0.6077286 0.9992179 0.5883363 0.985804 0.6077262 0.985804 0.6077292 0.294265 0.6271161 0.2942651 0.6271182 0.9858042 0.607727 0.2942653 0.5883401 0.294265 0.5883363 0.985804 0.6077292 0.294265</float_array>
          <technique_common>
            <accessor source="#celt_barracks_props_01-mesh-map-0-array" count="210" stride="2">
              <param name="S" type="float"/>
              <param name="T" type="float"/>
            </accessor>
          </technique_common>
        </source>
        <source id="celt_barracks_props_01-mesh-map-1">
          <float_array id="celt_barracks_props_01-mesh-map-1-array" count="420">0.863506 0.1360267 0.8692487 0.1360297 0.8692243 0.2205285 0.8484454 0.3102546 0.842453 0.3102506 0.8425211 0.2256221 0.858947 0.5598683 0.8646895 0.5598676 0.8647913 0.6438176 0.8498089 0.7454221 0.8497461 0.6607944 0.8558019 0.7454167 0.6771394 0.2214488 0.671397 0.2214443 0.6771364 0.2154909 0.6891152 0.2155747 0.6948577 0.2155873 0.6948558 0.2214488 0.8631746 0.02501589 0.8689172 0.02501881 0.8688929 0.1095176 0.8488095 0.8356731 0.8428171 0.8356691 0.8428853 0.7510406 0.860131 0.7510412 0.8658735 0.7510406 0.8659753 0.8349905 0.8549123 0.5456234 0.8489193 0.5456288 0.8488565 0.4610011 0.6859989 0.2214488 0.6802566 0.2214444 0.6802536 0.2154865 0.698351 0.001616716 0.7040935 0.001629412 0.7040916 0.007491052 0.6473318 0.8581804 0.6423195 0.8581848 0.642243 0.7735561 0.8557712 0.644483 0.8497769 0.6444772 0.8498384 0.5598676 0.8744025 0.7450275 0.8693905 0.7450389 0.8692936 0.6608004 0.8466627 0.6444646 0.840668 0.6444703 0.8405903 0.5598733 0.7426242 0.002477884 0.7476364 0.002477467 0.7476329 0.008452832 0.7578307 0.4207137 0.7528184 0.4207112 0.7528249 0.4147851 0.7068683 0.8690865 0.7018561 0.8690908 0.7017796 0.7844621 0.8576222 0.3979843 0.8516279 0.3979785 0.8516893 0.3133689 0.8770887 0.3976074 0.8720766 0.3976188 0.8719798 0.3133803 0.8397029 0.8356376 0.8337082 0.8356432 0.8336305 0.7510462 0.7507543 0.002477884 0.7557665 0.002477467 0.7507507 0.008453369 0.7496975 0.4207137 0.7446851 0.4207112 0.749704 0.4147877 0.8540413 0.02501589 0.8600359 0.02501899 0.8600115 0.1095178 0.6173998 0.221448 0.6174046 0.2154538 0.6233625 0.2154508 0.8543727 0.1360267 0.8603674 0.1360298 0.860343 0.2205286 0.8484454 0.3980014 0.842453 0.3979974 0.8425211 0.3133689 0.1553162 0.7747374 0.1613106 0.7747368 0.1614124 0.8586867 0.8512341 0.2206544 0.8452411 0.2206597 0.8451783 0.1360321 0.6264768 0.221448 0.6264815 0.2154538 0.6324394 0.2154508 0.6592907 0.2154545 0.6592774 0.2214488 0.6534159 0.2214469 0.340308 0.5997391 0.3059046 0.647414 0.3057585 0.5998251 0.3059046 0.647414 0.340308 0.5997391 0.340454 0.647328 0.8634817 0.2205256 0.863506 0.1360267 0.8692243 0.2205285 0.8485136 0.2256261 0.8484454 0.3102546 0.8425211 0.2256221 0.8590489 0.6438181 0.858947 0.5598683 0.8647913 0.6438176 0.8558019 0.7454167 0.8497461 0.6607944 0.8557391 0.660789 0.671397 0.2214443 0.6713941 0.2154865 0.6771364 0.2154909 0.6891133 0.2214363 0.6891152 0.2155747 0.6948558 0.2214488 0.8631502 0.1095147 0.8631746 0.02501589 0.8688929 0.1095176 0.8488777 0.7510447 0.8488095 0.8356731 0.8428853 0.7510406 0.8602328 0.8349911 0.860131 0.7510412 0.8659753 0.8349905 0.8548495 0.4609957 0.8549123 0.5456234 0.8488565 0.4610011 0.6859959 0.2154909 0.6859989 0.2214488 0.6802536 0.2154865 0.6983491 0.007478356 0.698351 0.001616716 0.7040916 0.007491052 0.6472552 0.7735517 0.6473318 0.8581804 0.642243 0.7735561 0.8558327 0.5598735 0.8557712 0.644483 0.8498384 0.5598676 0.8743057 0.660789 0.8744025 0.7450275 0.8692936 0.6608004 0.846585 0.5598676 0.8466627 0.6444646 0.8405903 0.5598733 0.7426206 0.008453369 0.7426242 0.002477884 0.7476329 0.008452832 0.7578373 0.4147877 0.7578307 0.4207137 0.7528249 0.4147851 0.7067918 0.7844578 0.7068683 0.8690865 0.7017796 0.7844621 0.8576836 0.3133747 0.8576222 0.3979843 0.8516893 0.3133689 0.8769919 0.3133689 0.8770887 0.3976074 0.8719798 0.3133803 0.8396251 0.7510406 0.8397029 0.8356376 0.8336305 0.7510462 0.7557665 0.002477467 0.7557629 0.008452832 0.7507507 0.008453369 0.7446851 0.4207112 0.7446917 0.4147851 0.749704 0.4147877 0.854017 0.1095147 0.8540413 0.02501589 0.8600115 0.1095178 0.8484454 0.3980014 0.842453 0.3979974 0.8425211 0.3133689 0.6233577 0.221445 0.6173998 0.221448 0.6233625 0.2154508 0.8543484 0.2205255 0.8543727 0.1360267 0.860343 0.2205286 0.8485136 0.3133729 0.8484454 0.3980014 0.8425211 0.3133689 0.1554179 0.8586874 0.1553162 0.7747374 0.1614124 0.8586867 0.8511713 0.1360267 0.8512341 0.2206544 0.8451783 0.1360321 0.6324347 0.221445 0.6264768 0.221448 0.6324394 0.2154508 0.653429 0.2154526 0.6592907 0.2154545 0.6534159 0.2214469 0.8512341 0.2206544 0.8452411 0.2206597 0.8451783 0.1360321 0.8485136 0.3133729 0.8484454 0.3980014 0.8425211 0.3133689 0.8511713 0.1360267 0.8512341 0.2206544 0.8451783 0.1360321</float_array>
          <technique_common>
            <accessor source="#celt_barracks_props_01-mesh-map-1-array" count="210" stride="2">
              <param name="S" type="float"/>
              <param name="T" type="float"/>
            </accessor>
          </technique_common>
        </source>
        <vertices id="celt_barracks_props_01-mesh-vertices">
          <input semantic="POSITION" source="#celt_barracks_props_01-mesh-positions"/>
        </vertices>
        <triangles material="Material-material" count="70">
          <input semantic="VERTEX" source="#celt_barracks_props_01-mesh-vertices" offset="0"/>
          <input semantic="NORMAL" source="#celt_barracks_props_01-mesh-normals" offset="1"/>
          <input semantic="TEXCOORD" source="#celt_barracks_props_01-mesh-map-0" offset="2" set="0"/>
          <input semantic="TEXCOORD" source="#celt_barracks_props_01-mesh-map-1" offset="2" set="1"/>
          <p>4 0 0 5 0 1 1 0 2 5 1 3 6 1 4 2 1 5 6 2 6 7 2 7 3 2 8 4 3 9 0 3 10 7 3 11 0 4 12 1 4 13 3 4 14 7 5 15 6 5 16 5 5 17 12 6 18 13 6 19 9 6 20 13 7 21 14 7 22 10 7 23 14 8 24 15 8 25 11 8 26 15 9 27 12 9 28 8 9 29 8 10 30 9 10 31 10 10 32 15 11 33 14 11 34 13 11 35 20 12 36 21 12 37 17 12 38 21 13 39 22 13 40 18 13 41 22 14 42 23 14 43 19 14 44 23 15 45 20 15 46 16 15 47 16 16 48 17 16 49 18 16 50 23 17 51 22 17 52 21 17 53 28 18 54 29 18 55 25 18 56 29 19 57 30 19 58 26 19 59 30 20 60 31 20 61 27 20 62 31 21 63 28 21 64 24 21 65 24 22 66 25 22 67 27 22 68 31 23 69 30 23 70 28 23 71 36 24 72 37 24 73 33 24 74 32 25 75 33 25 76 34 25 77 42 26 78 43 26 79 39 26 80 43 27 81 44 27 82 40 27 83 44 28 84 45 28 85 41 28 86 45 29 87 42 29 88 38 29 89 38 30 90 39 30 91 40 30 92 45 31 93 44 31 94 43 31 95 49 32 96 47 32 97 46 32 98 47 33 99 49 33 100 48 33 101 0 34 102 4 34 103 1 34 104 1 35 105 5 35 106 2 35 107 2 36 108 6 36 109 3 36 110 7 37 111 0 37 112 3 37 113 1 38 114 2 38 115 3 38 116 4 39 117 7 39 118 5 39 119 8 40 120 12 40 121 9 40 122 9 41 123 13 41 124 10 41 125 10 42 126 14 42 127 11 42 128 11 43 129 15 43 130 8 43 131 11 44 132 8 44 133 10 44 134 12 45 135 15 45 136 13 45 137 16 46 138 20 46 139 17 46 140 17 47 141 21 47 142 18 47 143 18 48 144 22 48 145 19 48 146 19 49 147 23 49 148 16 49 149 19 22 150 16 22 151 18 22 152 20 50 153 23 50 154 21 50 155 24 51 156 28 51 157 25 51 158 25 52 159 29 52 160 26 52 161 26 53 162 30 53 163 27 53 164 27 54 165 31 54 166 24 54 167 25 55 168 26 55 169 27 55 170 30 56 171 29 56 172 28 56 173 32 57 174 36 57 175 33 57 176 55 27 177 56 27 178 52 27 179 35 58 180 32 58 181 34 58 182 38 59 183 42 59 184 39 59 185 39 60 186 43 60 187 40 60 188 40 61 189 44 61 190 41 61 191 41 62 192 45 62 193 38 62 194 41 63 195 38 63 196 40 63 197 42 64 198 45 64 199 43 64 200 57 29 201 54 29 202 50 29 203 51 65 204 55 65 205 52 65 206 53 66 207 57 66 208 50 66 209</p>
        </triangles>
      </mesh>
    </geometry>
  </library_geometries>
  <library_visual_scenes>
    <visual_scene id="Scene" name="Scene">
      <node id="gaul_barracks_props_01" name="gaul_barracks_props_01" type="NODE">
        <matrix sid="transform">1 0 0 -9.53674e-7 0 1 0 -8.07736e-11 0 0 1 -9.53674e-7 0 0 0 1</matrix>
        <instance_geometry url="#celt_barracks_props_01-mesh" name="gaul_barracks_props_01">
          <bind_material>
            <technique_common>
              <instance_material symbol="Material-material" target="#Material-material">
                <bind_vertex_input semantic="Object025Mesh_005-mesh-map-0" input_semantic="TEXCOORD" input_set="0"/>
                <bind_vertex_input semantic="Object025Mesh_005-mesh-map-1" input_semantic="TEXCOORD" input_set="1"/>
              </instance_material>
            </technique_common>
          </bind_material>
        </instance_geometry>
        <node id="prop-barrel_empty_02" name="prop-barrel_empty_02" type="NODE">
          <matrix sid="transform">-2.8213e-7 -1 -1.42091e-14 -7.79929 1 -2.8213e-7 -9.53548e-12 -7.433546 9.53548e-12 -1.42118e-14 1 3.31918e-6 0 0 0 1</matrix>
        </node>
        <node id="prop-barrel_02" name="prop-barrel_02" type="NODE">
          <matrix sid="transform">-0.7760026 -0.6307296 9.53548e-12 -7.99699 0.6307296 -0.7760026 -6.76265e-15 -4.105778 7.40382e-12 6.00906e-12 1 2.19554e-6 0 0 0 1</matrix>
        </node>
        <node id="prop-barrel_empty_01" name="prop-barrel_empty_01" type="NODE">
          <matrix sid="transform">7.54979e-8 -1 9.53548e-12 3.562509 1 7.54979e-8 0 -0.7903337 0 9.53548e-12 1 1.73698e-6 0 0 0 1</matrix>
        </node>
        <node id="prop-barrel_03" name="prop-barrel_03" type="NODE">
          <matrix sid="transform">0.5548565 -0.831946 9.53548e-12 -6.718768 0.831946 0.5548565 4.30214e-15 7.343701 -5.2944e-12 7.93062e-12 1 -3.20285e-7 0 0 0 1</matrix>
        </node>
        <node id="prop-barrel_01" name="prop-barrel_01" type="NODE">
          <matrix sid="transform">-0.9995924 0.02854898 9.53548e-12 -4.128574 -0.02854898 -0.9995924 -1.46203e-14 7.893895 9.53118e-12 -2.86843e-13 1 -4.47396e-7 0 0 0 1</matrix>
        </node>
        <node id="prop_dummy_01" name="prop_dummy_01" type="NODE">
          <matrix sid="transform">-0.9997186 -0.02372105 0 -1.603864 0.02372105 -0.9997186 0 -3.405863 0 0 1 0.003823815 0 0 0 1</matrix>
        </node>
        <node id="prop_dummy_02" name="prop_dummy_02" type="NODE">
          <matrix sid="transform">-0.2783039 0.9580524 -0.06842914 -1.723736 -0.960237 -0.2791677 -0.003208884 -6.310954 -0.02217748 0.06481515 0.9976508 -0.02981577 0 0 0 1</matrix>
        </node>
        <node id="prop_anvil_01" name="prop_anvil_01" type="NODE">
          <matrix sid="transform">-4.37114e-8 -1 0 5.166594 1 -4.37114e-8 0 1.736655 0 0 1 9.98945e-7 0 0 0 1</matrix>
        </node>
        <node id="prop-shield_hex_02" name="prop-shield_hex_02" type="NODE">
          <matrix sid="transform">1.19249e-8 1 0 -10.34274 -1 1.19249e-8 0 -3.608064 0 0 1 1.409707 0 0 0 1</matrix>
        </node>
        <node id="prop-shield_hex_03" name="prop-shield_hex_03" type="NODE">
          <matrix sid="transform">1.19249e-8 1 0 -10.30732 -1 1.19249e-8 0 -5.229344 0 0 1 1.454652 0 0 0 1</matrix>
        </node>
        <node id="prop-shield_hex_04" name="prop-shield_hex_04" type="NODE">
          <matrix sid="transform">1.19249e-8 1 0 -10.28321 -1 1.19249e-8 0 -6.765306 0 0 1 1.471106 0 0 0 1</matrix>
        </node>
        <node id="prop-shield_hex_01" name="prop-shield_hex_01" type="NODE">
          <matrix sid="transform">1.19249e-8 1 0 -10.32903 -1 1.19249e-8 0 -2.03963 0 0 1 1.459285 0 0 0 1</matrix>
        </node>
        <node id="prop-shield_hex_05" name="prop-shield_hex_05" type="NODE">
          <matrix sid="transform">1.19249e-8 1 0 -10.32673 -1 1.19249e-8 0 -8.441624 0 0 1 1.459066 0 0 0 1</matrix>
        </node>
        <node id="prop-shield_hex_07" name="prop-shield_hex_07" type="NODE">
          <matrix sid="transform">-4.37114e-8 -0.9673777 -0.2533385 -5.515946 1 -4.78963e-8 1.03513e-8 -8.813293 -2.21476e-8 -0.2533385 0.9673777 1.317678 0 0 0 1</matrix>
        </node>
        <node id="prop-shield_hex_06" name="prop-shield_hex_06" type="NODE">
          <matrix sid="transform">-4.37114e-8 0.9694778 0.2451789 -1.147693 -1 -4.23772e-8 -1.07171e-8 8.715417 0 -0.2451789 0.9694778 1.343113 0 0 0 1</matrix>
        </node>
        <node id="prop-shield_oval_big_01" name="prop-shield_oval_big_01" type="NODE">
          <matrix sid="transform">1 0 0 7.169934 0 0.9796327 0.200798 -4.812759 0 -0.200798 0.9796327 1.237042 0 0 0 1</matrix>
        </node>
        <node id="prop-shield_oval_big_02" name="prop-shield_oval_big_02" type="NODE">
          <matrix sid="transform">-4.37114e-8 0.9697751 0.2440004 8.24335 -1 -4.23902e-8 -1.06656e-8 -8.764389 0 -0.2440004 0.9697751 1.247565 0 0 0 1</matrix>
        </node>
        <node id="prop-shield_oval_big_03" name="prop-shield_oval_big_03" type="NODE">
          <matrix sid="transform">-4.37114e-8 0.9708788 0.239571 8.502394 -1 -4.24385e-8 -1.0472e-8 -8.759511 0 -0.239571 0.9708788 1.262509 0 0 0 1</matrix>
        </node>
        <node id="prop-shield_oval_big_04" name="prop-shield_oval_big_04" type="NODE">
          <matrix sid="transform">-4.37114e-8 0.9714456 0.2372626 8.743691 -1 -4.95342e-8 1.85803e-8 -8.818727 2.98023e-8 -0.2372626 0.9714456 1.247749 0 0 0 1</matrix>
        </node>
        <node id="prop-shield_square_01" name="prop-shield_square_01" type="NODE">
          <matrix sid="transform">-4.37114e-8 0.9668208 0.2554554 7.947124 -1 -4.60677e-8 3.24044e-9 -6.732003 1.49012e-8 -0.2554554 0.9668208 0.9823588 0 0 0 1</matrix>
        </node>
        <node id="prop-shield_square_02" name="prop-shield_square_02" type="NODE">
          <matrix sid="transform">-4.37114e-8 0.96492 0.2625439 8.172413 -1 -4.60902e-8 2.90227e-9 -6.797786 1.49012e-8 -0.2625439 0.96492 0.9875467 0 0 0 1</matrix>
        </node>
        <node id="prop-shield_square_04" name="prop-shield_square_04" type="NODE">
          <matrix sid="transform">-4.37114e-8 0.9689956 0.2470777 8.634603 -1 -4.60379e-8 3.63905e-9 -6.797832 1.49012e-8 -0.2470777 0.9689956 0.9875029 0 0 0 1</matrix>
        </node>
        <node id="prop-shield_square_03" name="prop-shield_square_03" type="NODE">
          <matrix sid="transform">-4.37114e-8 0.966838 0.2553905 8.409312 -1 -4.98731e-8 1.76505e-8 -6.732052 2.98023e-8 -0.2553905 0.966838 0.9823152 0 0 0 1</matrix>
        </node>
        <node id="prop-shield_oval_big_05" name="prop-shield_oval_big_05" type="NODE">
          <matrix sid="transform">-4.37114e-8 -0.9697751 -0.2440004 9.573868 1 -4.23902e-8 -1.06656e-8 0.1188745 0 -0.2440004 0.9697751 1.435865 0 0 0 1</matrix>
        </node>
        <node id="prop-shield_hex_08" name="prop-shield_hex_08" type="NODE">
          <matrix sid="transform">-0.2023415 -0.9494242 -0.2401074 9.653147 0.979315 -0.1961656 -0.04960985 1.121004 -7.61462e-9 -0.2451789 0.9694778 1.141713 0 0 0 1</matrix>
        </node>
        <node id="prop-shield_hex_09" name="prop-shield_hex_09" type="NODE">
          <matrix sid="transform">-4.37114e-8 0.9694778 0.2451789 -1.147693 -1 -4.23772e-8 -1.07171e-8 -0.3404644 0 -0.2451789 0.9694778 1.141713 0 0 0 1</matrix>
        </node>
        <node id="prop-shield_oval_big_06" name="prop-shield_oval_big_06" type="NODE">
          <matrix sid="transform">-4.37114e-8 0.9268326 0.3754749 6.00472 -1 -4.27777e-8 -1.08226e-8 -4.741863 6.03124e-9 -0.3754749 0.9268326 1.247565 0 0 0 1</matrix>
        </node>
        <node id="prop-shield_hex_10" name="prop-shield_hex_10" type="NODE">
          <matrix sid="transform">1 -1.74846e-7 0 6.120808 1.74846e-7 1 0 -1.646372 0 0 1 2.520107 0 0 0 1</matrix>
        </node>
        <node id="prop-shield_hex_11" name="prop-shield_hex_11" type="NODE">
          <matrix sid="transform">1 0 0 7.613993 0 0.9694778 0.2451789 -10.19748 0 -0.2451789 0.9694778 1.302047 0 0 0 1</matrix>
        </node>
        <node id="prop-shield_oval_small_04" name="prop-shield_oval_small_04" type="NODE">
          <matrix sid="transform">1 0 0 -7.906089 0 1 0 -9.542466 0 0 1 3.587007 0 0 0 1</matrix>
        </node>
        <node id="prop-shield_oval_small_02" name="prop-shield_oval_small_02" type="NODE">
          <matrix sid="transform">-4.37114e-8 1 0 -8.695139 -1 -4.37114e-8 0 4.205343 0 0 1 5.890721 0 0 0 1</matrix>
        </node>
        <node id="prop-shield_oval_small_03" name="prop-shield_oval_small_03" type="NODE">
          <matrix sid="transform">-1 3.25841e-7 0 4.136182 -3.25841e-7 -1 0 10.11957 0 0 1 7.484212 0 0 0 1</matrix>
        </node>
        <node id="prop-shield_oval_small_01" name="prop-shield_oval_small_01" type="NODE">
          <matrix sid="transform">1 0 0 4.160393 0 1 0 -1.488417 0 0 1 6.895894 0 0 0 1</matrix>
        </node>
        <node id="prop-shield_oval_small_05" name="prop-shield_oval_small_05" type="NODE">
          <matrix sid="transform">0.2645955 -0.9312742 -0.2504348 -4.378975 0.9637278 0.2647482 0.03372087 -1.774732 0.03489879 -0.2502734 0.967546 1.026642 0 0 0 1</matrix>
        </node>
        <node id="prop-shield_oval_small_06" name="prop-shield_oval_small_06" type="NODE">
          <matrix sid="transform">0.2645955 -0.9312742 -0.2504348 -4.632134 0.9637278 0.2647482 0.03372087 -1.711834 0.03489879 -0.2502734 0.967546 1.026642 0 0 0 1</matrix>
        </node>
        <node id="prop-shield_oval_small_07" name="prop-shield_oval_small_07" type="NODE">
          <matrix sid="transform">0.2645955 -0.9312742 -0.2504348 -4.897816 0.9637278 0.2647482 0.03372087 -1.62629 0.03489879 -0.2502734 0.967546 1.154318 0 0 0 1</matrix>
        </node>
        <node id="prop-shield_oval_small_08" name="prop-shield_oval_small_08" type="NODE">
          <matrix sid="transform">0.2645955 -0.9312742 -0.2504348 -5.169681 0.9637278 0.2647482 0.03372087 -1.554072 0.03489879 -0.2502734 0.967546 1.002917 0 0 0 1</matrix>
        </node>
        <node id="prop-shield_oval_small_09" name="prop-shield_oval_small_09" type="NODE">
          <matrix sid="transform">0.2645955 -0.9312742 -0.2504348 -5.462953 0.9637278 0.2647482 0.03372087 -1.471794 0.03489879 -0.2502734 0.967546 1.002917 0 0 0 1</matrix>
        </node>
        <node id="prop-shield_oval_small_19" name="prop-shield_oval_small_19" type="NODE">
          <matrix sid="transform">-0.005316016 0.9680756 0.2506021 7.445599 -0.9993767 -0.01388919 0.03245419 0.1813135 0.03489877 -0.2502733 0.967546 1.022817 0 0 0 1</matrix>
        </node>
        <node id="prop-shield_oval_small_17" name="prop-shield_oval_small_17" type="NODE">
          <matrix sid="transform">-0.005316016 0.9680756 0.2506021 7.689935 -0.9993767 -0.01388919 0.03245419 0.1859838 0.03489877 -0.2502733 0.967546 1.022817 0 0 0 1</matrix>
        </node>
        <node id="prop-shield_oval_small_15" name="prop-shield_oval_small_15" type="NODE">
          <matrix sid="transform">-0.005316016 0.9680756 0.2506021 7.951109 -0.9993767 -0.01388919 0.03245419 0.1732107 0.03489877 -0.2502733 0.967546 1.041849 0 0 0 1</matrix>
        </node>
        <node id="prop-shield_oval_small_13" name="prop-shield_oval_small_13" type="NODE">
          <matrix sid="transform">-0.005316016 0.9680756 0.2506021 8.214638 -0.9993767 -0.01388919 0.03245419 0.1739986 0.03489877 -0.2502733 0.967546 1.008654 0 0 0 1</matrix>
        </node>
        <node id="prop-shield_oval_small_10" name="prop-shield_oval_small_10" type="NODE">
          <matrix sid="transform">-0.005316016 0.9680756 0.2506021 8.499979 -0.9993767 -0.01388919 0.03245419 0.1708916 0.03489877 -0.2502733 0.967546 1.008654 0 0 0 1</matrix>
        </node>
        <node id="prop-shield_oval_small_18" name="prop-shield_oval_small_18" type="NODE">
          <matrix sid="transform">-0.005316016 0.9680756 0.2506021 7.428457 -0.9993767 -0.01388919 0.03245419 1.891718 0.03489877 -0.2502733 0.967546 1.024707 0 0 0 1</matrix>
        </node>
        <node id="prop-shield_oval_small_16" name="prop-shield_oval_small_16" type="NODE">
          <matrix sid="transform">-0.005316016 0.9680756 0.2506021 7.680932 -0.9993767 -0.01388919 0.03245419 1.896544 0.03489877 -0.2502733 0.967546 1.024707 0 0 0 1</matrix>
        </node>
        <node id="prop-shield_oval_small_14" name="prop-shield_oval_small_14" type="NODE">
          <matrix sid="transform">-0.005316016 0.9680756 0.2506021 7.950805 -0.9993767 -0.01388919 0.03245419 1.883346 0.03489877 -0.2502733 0.967546 1.152383 0 0 0 1</matrix>
        </node>
        <node id="prop-shield_oval_small_12" name="prop-shield_oval_small_12" type="NODE">
          <matrix sid="transform">-0.005316016 0.9680756 0.2506021 8.22311 -0.9993767 -0.01388919 0.03245419 1.88416 0.03489877 -0.2502733 0.967546 1.005819 0 0 0 1</matrix>
        </node>
        <node id="prop-shield_oval_small_11" name="prop-shield_oval_small_11" type="NODE">
          <matrix sid="transform">-0.005316016 0.9680756 0.2506021 8.517956 -0.9993767 -0.01388919 0.03245419 1.880949 0.03489877 -0.2502733 0.967546 1.005819 0 0 0 1</matrix>
        </node>
      </node>
    </visual_scene>
  </library_visual_scenes>
  <scene>
    <instance_visual_scene url="#Scene"/>
  </scene>
</COLLADA>